Goal found!
Optimal steps: 45
Time taken: 5 ms
Initial state heuristic: 35
Nodes visited: 4978
Path:
--------------------
Step 0:
5 6 11 7 
4 10 15 3 
13 14 1 8 
12 9 . 2 
--------------------
Step 1:
5 6 11 7 
4 10 15 3 
13 14 . 8 
12 9 1 2 
--------------------
Step 2:
5 6 11 7 
4 10 15 3 
13 . 14 8 
12 9 1 2 
--------------------
Step 3:
5 6 11 7 
4 10 15 3 
13 9 14 8 
12 . 1 2 
--------------------
Step 4:
5 6 11 7 
4 10 15 3 
13 9 14 8 
. 12 1 2 
--------------------
Step 5:
5 6 11 7 
4 10 15 3 
. 9 14 8 
13 12 1 2 
--------------------
Step 6:
5 6 11 7 
4 10 15 3 
9 . 14 8 
13 12 1 2 
--------------------
Step 7:
5 6 11 7 
4 10 15 3 
9 14 . 8 
13 12 1 2 
--------------------
Step 8:
5 6 11 7 
4 10 15 3 
9 14 1 8 
13 12 . 2 
--------------------
Step 9:
5 6 11 7 
4 10 15 3 
9 14 1 8 
13 . 12 2 
--------------------
Step 10:
5 6 11 7 
4 10 15 3 
9 . 1 8 
13 14 12 2 
--------------------
Step 11:
5 6 11 7 
4 10 15 3 
9 1 . 8 
13 14 12 2 
--------------------
Step 12:
5 6 11 7 
4 10 . 3 
9 1 15 8 
13 14 12 2 
--------------------
Step 13:
5 6 11 7 
4 10 3 . 
9 1 15 8 
13 14 12 2 
--------------------
Step 14:
5 6 11 7 
4 10 3 8 
9 1 15 . 
13 14 12 2 
--------------------
Step 15:
5 6 11 7 
4 10 3 8 
9 1 15 2 
13 14 12 . 
--------------------
Step 16:
5 6 11 7 
4 10 3 8 
9 1 15 2 
13 14 . 12 
--------------------
Step 17:
5 6 11 7 
4 10 3 8 
9 1 . 2 
13 14 15 12 
--------------------
Step 18:
5 6 11 7 
4 10 3 8 
9 1 2 . 
13 14 15 12 
--------------------
Step 19:
5 6 11 7 
4 10 3 . 
9 1 2 8 
13 14 15 12 
--------------------
Step 20:
5 6 11 7 
4 10 . 3 
9 1 2 8 
13 14 15 12 
--------------------
Step 21:
5 6 11 7 
4 . 10 3 
9 1 2 8 
13 14 15 12 
--------------------
Step 22:
5 6 11 7 
4 1 10 3 
9 . 2 8 
13 14 15 12 
--------------------
Step 23:
5 6 11 7 
4 1 10 3 
9 2 . 8 
13 14 15 12 
--------------------
Step 24:
5 6 11 7 
4 1 . 3 
9 2 10 8 
13 14 15 12 
--------------------
Step 25:
5 6 . 7 
4 1 11 3 
9 2 10 8 
13 14 15 12 
--------------------
Step 26:
5 . 6 7 
4 1 11 3 
9 2 10 8 
13 14 15 12 
--------------------
Step 27:
5 1 6 7 
4 . 11 3 
9 2 10 8 
13 14 15 12 
--------------------
Step 28:
5 1 6 7 
. 4 11 3 
9 2 10 8 
13 14 15 12 
--------------------
Step 29:
. 1 6 7 
5 4 11 3 
9 2 10 8 
13 14 15 12 
--------------------
Step 30:
1 . 6 7 
5 4 11 3 
9 2 10 8 
13 14 15 12 
--------------------
Step 31:
1 4 6 7 
5 . 11 3 
9 2 10 8 
13 14 15 12 
--------------------
Step 32:
1 4 6 7 
5 2 11 3 
9 . 10 8 
13 14 15 12 
--------------------
Step 33:
1 4 6 7 
5 2 11 3 
9 10 . 8 
13 14 15 12 
--------------------
Step 34:
1 4 6 7 
5 2 . 3 
9 10 11 8 
13 14 15 12 
--------------------
Step 35:
1 4 . 7 
5 2 6 3 
9 10 11 8 
13 14 15 12 
--------------------
Step 36:
1 . 4 7 
5 2 6 3 
9 10 11 8 
13 14 15 12 
--------------------
Step 37:
1 2 4 7 
5 . 6 3 
9 10 11 8 
13 14 15 12 
--------------------
Step 38:
1 2 4 7 
5 6 . 3 
9 10 11 8 
13 14 15 12 
--------------------
Step 39:
1 2 4 7 
5 6 3 . 
9 10 11 8 
13 14 15 12 
--------------------
Step 40:
1 2 4 . 
5 6 3 7 
9 10 11 8 
13 14 15 12 
--------------------
Step 41:
1 2 . 4 
5 6 3 7 
9 10 11 8 
13 14 15 12 
--------------------
Step 42:
1 2 3 4 
5 6 . 7 
9 10 11 8 
13 14 15 12 
--------------------
Step 43:
1 2 3 4 
5 6 7 . 
9 10 11 8 
13 14 15 12 
--------------------
Step 44:
1 2 3 4 
5 6 7 8 
9 10 11 . 
13 14 15 12 
--------------------
Step 45:
1 2 3 4 
5 6 7 8 
9 10 11 12 
13 14 15 . 
--------------------
