-1 15 15 15
180 4 8 5 E
11341 4 8 6 E
51077 4 8 5 E
73174 4 9 5 E
93112 4 8 5 E
124715 4 8 4 E
158331 4 9 4 E
185658 4 8 4 E
203448 4 8 3 E
242422 4 8 2 E
342942 4 8 2 e
187 12 4 3 M
39652 12 4 4 M
61309 12 4 3 M
86825 12 5 3 M
101532 12 6 3 M
126829 12 6 2 M
150909 12 6 1 M
194995 12 6 2 M
235026 12 6 1 M
251770 12 7 1 M
290092 12 8 1 M
360905 12 8 1 m
185 7 11 8 H
11318 7 11 9 H
38585 7 12 9 H
58186 7 12 10 H
96307 7 13 10 H
116317 7 13 11 H
150904 7 13 12 H
186713 7 12 12 H
220241 7 13 12 H
261487 7 13 13 H
300657 7 14 13 H
315488 7 13 13 H
334532 7 14 13 H
360902 7 14 14 H
381874 7 14 0 H
445154 7 13 0 H
468174 7 13 1 H
189 11 8 13 L
32219 11 8 14 L
74229 11 9 14 L
107854 11 9 13 L
124715 11 9 14 L
156186 11 9 13 L
205566 11 8 13 L
226578 11 8 14 L
245585 11 8 0 L
267820 11 8 1 L
290070 11 9 1 L
325007 11 10 1 L
364078 11 11 1 L
375565 11 12 1 L
396639 11 12 2 L
436659 11 11 2 L
470288 11 10 2 L
484819 11 9 2 L
562729 11 9 2 l
187 5 11 14 F
22724 5 10 14 F
64494 5 10 0 F
94167 5 11 0 F
117379 5 12 0 F
151973 5 12 1 F
183543 5 12 2 F
231820 5 12 3 F
250716 5 12 4 F
274178 5 11 4 F
289014 5 10 4 F
315492 5 10 3 F
340834 5 9 3 F
376626 5 8 3 F
401954 5 7 3 F
451546 5 7 2 F
493160 5 7 1 F
530969 5 7 2 F
551053 5 7 1 F
647009 5 7 1 f
177 2 9 4 C
22720 2 8 4 C
47950 2 8 3 C
73174 2 8 4 C
120562 2 9 4 C
158315 2 9 5 C
172953 2 9 6 C
212942 2 10 6 C
227632 2 11 6 C
241367 2 11 7 C
282658 2 11 8 C
316547 2 10 8 C
333464 2 9 8 C
349311 2 10 8 C
374494 2 11 8 C
419711 2 11 7 C
441974 2 12 7 C
477454 2 11 7 C
511896 2 10 7 C
559525 2 11 7 C
583656 2 11 8 C
618528 2 11 9 C
633294 2 12 9 C
670153 2 12 8 C
690253 2 13 8 C
179 9 10 3 J
39652 9 9 3 J
61313 9 9 2 J
96285 9 9 1 J
139342 9 10 1 J
186726 9 10 0 J
206621 9 9 0 J
244530 9 10 0 J
282663 9 10 1 J
307024 9 11 1 J
335596 9 12 1 J
371377 9 12 0 J
410271 9 13 0 J
445139 9 12 0 J
492095 9 12 14 J
506655 9 13 14 J
522525 9 13 13 J
553180 9 14 13 J
587885 9 14 14 J
603724 9 13 14 J
625878 9 13 0 J
706108 9 13 0 j
176 8 5 11 I
19548 8 4 11 I
64718 8 5 11 I
109965 8 5 12 I
126834 8 6 12 I
165584 8 6 13 I
186722 8 6 12 I
232874 8 6 11 I
258109 8 7 11 I
272050 8 6 11 I
296420 8 6 12 I
335591 8 6 13 I
363010 8 5 13 I
403033 8 6 13 I
452606 8 6 14 I
482711 8 7 14 I
518271 8 7 13 I
532023 8 7 12 I
569059 8 7 11 I
593126 8 7 12 I
642781 8 8 12 I
661658 8 7 12 I
690257 8 7 11 I
709222 8 7 12 I
723971 8 8 12 I
179 10 1 6 K
47955 10 1 7 K
85769 10 1 8 K
146730 10 1 9 K
184620 10 0 9 K
219187 10 0 8 K
229711 10 0 9 K
246640 10 14 9 K
269928 10 14 10 K
314433 10 0 10 K
360901 10 0 11 K
397719 10 0 12 K
445156 10 1 12 K
476397 10 2 12 K
501434 10 3 12 K
516154 10 4 12 K
557416 10 5 12 K
575382 10 5 13 K
643845 10 5 12 K
669098 10 6 12 K
723987 10 7 12 K
790339 10 7 12 k
190 13 7 13 N
36475 13 7 12 N
62377 13 7 13 N
108909 13 8 13 N
149834 13 8 12 N
161476 13 9 12 N
196071 13 10 12 N
239260 13 11 12 N
265712 13 11 11 N
299601 13 10 11 N
339779 13 10 10 N
367250 13 9 10 N
380819 13 10 10 N
427159 13 11 10 N
455765 13 11 9 N
467107 13 11 10 N
479562 13 11 9 N
514027 13 12 9 N
537299 13 13 9 N
559526 13 13 10 N
602648 13 13 9 N
644900 13 14 9 N
679656 13 14 8 N
714455 13 0 8 N
750131 13 14 8 N
830549 13 14 8 n
158 0 10 4 A
40658 0 10 3 A
64502 0 10 2 A
84713 0 11 2 A
107853 0 12 2 A
126834 0 13 2 A
154077 0 14 2 A
200248 0 14 3 A
225499 0 14 4 A
252825 0 14 5 A
283712 0 0 5 A
333465 0 14 5 A
359835 0 14 4 A
375549 0 13 4 A
408184 0 13 3 A
451530 0 13 2 A
467108 0 14 2 A
482733 0 14 1 A
494216 0 14 2 A
521453 0 0 2 A
544718 0 0 1 A
560605 0 0 0 A
587871 0 14 0 A
634348 0 14 14 A
668040 0 14 0 A
686000 0 14 14 A
731186 0 0 14 A
781877 0 0 13 A
816781 0 14 13 A
843052 0 0 13 A
185 14 6 9 O
16432 14 5 9 O
46896 14 5 8 O
94172 14 4 8 O
136169 14 4 9 O
156186 14 3 9 O
183559 14 2 9 O
207659 14 2 8 O
242430 14 2 7 O
261503 14 3 7 O
278405 14 2 7 O
327118 14 2 8 O
374493 14 2 7 O
399846 14 2 8 O
447270 14 2 9 O
495271 14 2 10 O
532018 14 3 10 O
560600 14 3 9 O
586795 14 3 8 O
616412 14 3 9 O
626934 14 3 8 O
641726 14 2 8 O
668040 14 2 7 O
699776 14 1 7 O
744867 14 1 6 O
758610 14 1 7 O
772373 14 0 7 O
800967 14 1 7 O
812576 14 1 6 O
830551 14 2 6 O
846172 14 2 7 O
894715 14 2 6 O
939582 14 3 6 O
956963 14 3 7 O
979396 14 2 7 O
1007992 14 2 8 O
1046229 14 3 8 O
1073770 14 2 8 O
182 6 9 7 G
11313 6 9 8 G
38599 6 8 8 G
67891 6 7 8 G
103659 6 7 7 G
120554 6 6 7 G
169775 6 7 7 G
209768 6 7 6 G
260217 6 6 6 G
281596 6 7 6 G
307032 6 8 6 G
328199 6 8 5 G
363011 6 8 4 G
392423 6 7 4 G
452629 6 7 3 G
480617 6 7 4 G
525660 6 8 4 G
558471 6 8 5 G
598412 6 7 5 G
624823 6 7 4 G
662713 6 8 4 G
686006 6 7 4 G
702934 6 7 3 G
735328 6 6 3 G
768140 6 7 3 G
786105 6 7 2 G
812569 6 6 2 G
835768 6 7 2 G
880201 6 6 2 G
890588 6 6 3 G
925167 6 6 4 G
965091 6 5 4 G
1013113 6 6 4 G
1042099 6 5 4 G
1074854 6 5 3 G
1102631 6 4 3 G
1145809 6 5 3 G
1177355 6 6 3 G
1192806 6 5 3 G
206 1 10 7 B
34337 1 11 7 B
58186 1 10 7 B
80526 1 9 7 B
104719 1 9 8 B
127884 1 10 8 B
178244 1 10 9 B
216063 1 10 10 B
233949 1 10 11 B
275243 1 9 11 B
297483 1 9 10 B
338729 1 9 11 B
389235 1 9 10 B
408162 1 8 10 B
441965 1 8 9 B
470298 1 8 10 B
494215 1 9 10 B
509777 1 10 10 B
521453 1 11 10 B
562723 1 12 10 B
597343 1 11 10 B
628001 1 10 10 B
664854 1 11 10 B
689198 1 11 9 B
705053 1 10 9 B
749077 1 10 8 B
789277 1 9 8 B
817845 1 10 8 B
828415 1 11 8 B
871822 1 10 8 B
887450 1 10 9 B
931309 1 10 8 B
978327 1 10 9 B
1004829 1 10 8 B
1047308 1 10 7 B
1093329 1 11 7 B
1105754 1 11 8 B
1140643 1 11 9 B
1171202 1 12 9 B
1221112 1 12 8 B
1267039 1 12 7 B
1279296 1 11 7 B
1313660 1 11 6 B
1344206 1 10 6 B
1389020 1 11 6 B
1417357 1 11 7 B
1462900 1 11 6 B
1475301 1 10 6 B
1506573 1 10 7 B
1552431 1 9 7 B
1578047 1 8 7 B
1598184 1 7 7 B
1612564 1 7 8 B
1650010 1 6 8 B
1674458 1 6 7 B
1686741 1 5 7 B
1728317 1 4 7 B
1761720 1 5 7 B
1809196 1 5 6 B
1824416 1 5 5 B
1858781 1 5 4 B
1954986 1 5 4 b
162 3 0 11 D
24839 3 1 11 D
43775 3 1 12 D
77403 3 1 11 D
87893 3 1 10 D
115251 3 1 9 D
146724 3 2 9 D
183543 3 2 10 D
202378 3 3 10 D
223371 3 3 11 D
270983 3 2 11 D
304907 3 2 10 D
344002 3 2 11 D
385069 3 2 10 D
399868 3 2 9 D
446216 3 3 9 D
491040 3 4 9 D
519335 3 4 10 D
539408 3 4 11 D
566939 3 4 12 D
597352 3 5 12 D
643844 3 4 12 D
690258 3 3 12 D
718668 3 3 13 D
750132 3 4 13 D
770250 3 4 14 D
797777 3 5 14 D
835768 3 4 14 D
864568 3 4 0 D
887465 3 5 0 D
936419 3 4 0 D
954832 3 5 0 D
971147 3 5 14 D
1007991 3 5 13 D
1036599 3 5 14 D
1064658 3 5 0 D
1083996 3 5 1 D
1130213 3 5 0 D
1171209 3 4 0 D
1186615 3 3 0 D
1217982 3 3 14 D
1252901 3 4 14 D
1301426 3 5 14 D
1342064 3 5 13 D
1366747 3 6 13 D
1385883 3 5 13 D
1429492 3 5 14 D
1470163 3 4 14 D
1514781 3 5 14 D
1551364 3 5 13 D
1599263 3 4 13 D
1632814 3 4 14 D
1675518 3 5 14 D
1701957 3 5 13 D
1727233 3 4 13 D
1753607 3 4 12 D
1801006 3 4 13 D
1837526 3 4 12 D
1852670 3 4 13 D
1882057 3 5 13 D
1904389 3 5 14 D
1923382 3 6 14 D
1954992 3 6 13 D
1979227 3 7 13 D
2008447 3 6 13 D
2051671 3 6 14 D
2091949 3 5 14 D
2123244 3 6 14 D
2135380 3 6 0 D
2148642 3 6 1 D
2159818 3 6 0 D
2187174 3 6 14 D
2207623 3 7 14 D
2258014 3 6 14 D
2278144 3 5 14 D
2292275 3 5 0 D
2318532 3 5 14 D
2347951 3 5 0 D
2370161 3 5 14 D
2398302 3 5 13 D
2429580 3 4 13 D
2452870 3 3 13 D
2498268 3 2 13 D
2519559 3 3 13 D
2560800 3 3 14 D
2603073 3 2 14 D
2640358 3 3 14 D
2659634 3 3 0 D
2707953 3 4 0 D
2726229 3 4 1 D
2753351 3 5 1 D
2778661 3 5 0 D
2802787 3 5 1 D
2828994 3 4 1 D
2841137 3 4 0 D
2885517 3 4 1 D
