 0.000511333  5  5  0  F
 0.023778055  5  5  1  F
 0.033264296  5  5  2  F
 0.033264457  5  5  4  F
 0.196406187  5  5  5  F
 0.243916992  5  5  6  F
 0.243917232  5  5  0  F
 0.287278450  5  5  1  F
 0.352444605  5  5  2  F
 0.352444906  5  5  4  F
 0.486686261  5  5  5  F
 0.532768204  5  5  6  F
 0.532768475  5  5  0  F
 0.558139080  5  5  1  F
 0.775731218  5  5  2  F
 0.775731409  5  5  4  F
 0.896734755  5  5  5  F
 0.909277174  5  5  6  F
 0.909277464  5  5  0  F
 0.936627999  5  5  1  F
 1.043569735  5  5  2  F
 1.043570186  5  5  4  F
 1.216452126  5  5  5  F
 1.264085522  5  5  6  F
 1.264085612  5  5  0  F
 1.305086563  5  5  1  F
 1.490436681  5  5  2  F
 1.490436872  5  5  3  F
 1.490437683  5  5  4  F
 1.668203003  5  5  5  F
 1.680482205  5  5  6  F
 1.680482285  5  5  0  F
 1.726199942  5  5  1  F
 1.926304025  5  5  2  F
 1.926304416  5  5  4  F
 2.098705931  5  5  5  F
 2.109948701  5  5  6  F
 2.109948821  5  5  0  F
 2.122123537  5  5  1  F
 2.339444865  5  5  2  F
 2.339445086  5  5  3  F
 2.339446007  5  5  4  F
 2.542781668  5  5  5  F
 2.557089933  5  5  6  F
 2.557090044  5  5  0  F
 0.000542252  8  8  0  I
 0.012561855  8  8  1  I
 0.012562156  8  8  2  I
 0.012562256  8  8  4  I
 0.012562356  8  8  5  I
 0.033263184  8  8  6  I
 0.033263334  8  8  0  I
 0.050119279  8  8  1  I
 0.352444655  8  8  2  I
 0.352444976  8  8  4  I
 0.609964623  8  8  5  I
 0.652099761  8  8  6  I
 0.652099881  8  8  0  I
 0.682844130  8  8  1  I
 0.775730567  8  8  2  I
 0.775730738  8  8  3  I
 0.775731529  8  8  4  I
 0.943254303  8  8  5  I
 0.965223220  8  8  6  I
 0.965223290  8  8  0  I
 0.990571813  8  8  1  I
 1.043569625  8  8  2  I
 1.043570036  8  8  4  I
 1.305128392  8  8  5  I
 1.333745303  8  8  6  I
 1.333745383  8  8  0  I
 1.382004518  8  8  1  I
 1.490436621  8  8  2  I
 1.490437052  8  8  3  I
 1.490437643  8  8  4  I
 1.743004801  8  8  5  I
 1.792304976  8  8  6  I
 1.792305157  8  8  0  I
 1.817993370  8  8  1  I
 1.926304005  8  8  2  I
 1.926304206  8  8  4  I
 2.149712942  8  8  5  I
 2.193275138  8  8  6  I
 2.193275218  8  8  0  I
 2.206413770  8  8  1  I
 2.339444885  8  8  2  I
 2.339445025  8  8  3  I
 2.339445967  8  8  4  I
 2.641392840  8  8  5  I
 2.685704208  8  8  6  I
 2.685704278  8  8  0  I
 2.730779855  8  8  1  I
 2.766049108  8  8  2  I
 2.766049289  8  8  4  I
 2.978596844  8  8  5  I
 3.012226168  8  8  6  I
 3.012226308  8  8  0  I
 0.000474544  1  1  0  B
 0.025939838  1  1  1  B
 0.033263475  1  1  2  B
 0.033263765  1  1  3  B
 0.033264567  1  1  4  B
 0.076098411  1  1  5  B
 0.118184316  1  1  6  B
 0.118184456  1  1  0  B
 0.153591799  1  1  1  B
 0.352444635  1  1  2  B
 0.352444986  1  1  4  B
 0.378738670  1  1  5  B
 0.416258744  1  1  6  B
 0.416258884  1  1  0  B
 0.453873065  1  1  1  B
 0.775730557  1  1  2  B
 0.775730858  1  1  3  B
 0.775731529  1  1  4  B
 0.785981489  1  1  5  B
 0.817288778  1  1  6  B
 0.817288898  1  1  0  B
 0.841525367  1  1  1  B
 1.043569625  1  1  2  B
 1.043570036  1  1  4  B
 1.090528981  1  1  5  B
 1.119903449  1  1  6  B
 1.119903560  1  1  0  B
 1.162000024  1  1  1  B
 1.490436591  1  1  2  B
 1.490436932  1  1  3  B
 1.490437623  1  1  4  B
 1.539654422  1  1  5  B
 1.575806488  1  1  6  B
 1.575806588  1  1  0  B
 1.593023553  1  1  1  B
 1.926304045  1  1  2  B
 1.926304496  1  1  4  B
 1.973552907  1  1  5  B
 2.001457185  1  1  6  B
 2.001457305  1  1  0  B
 2.026543064  1  1  1  B
 2.339444725  1  1  2  B
 2.339445065  1  1  3  B
 2.339445927  1  1  4  B
 2.381613546  1  1  5  B
 2.431407412  1  1  6  B
 2.431407532  1  1  0  B
 2.453092865  1  1  1  B
 2.766048337  1  1  2  B
 2.766048557  1  1  3  B
 2.766049389  1  1  4  B
 2.813655323  1  1  5  B
 2.843271707  1  1  6  B
 2.843271967  1  1  0  B
 2.892286425  1  1  1  B
 3.129687431  1  1  2  B
 3.129687692  1  1  4  B
 3.160388749  1  1  5  B
 3.196009043  1  1  6  B
 3.196009164  1  1  0  B
 0.000520220  6  6  0  G
 0.044743562  6  6  1  G
 0.352444515  6  6  2  G
 0.352445006  6  6  4  G
 0.532768615  6  6  5  G
 0.565313466  6  6  6  G
 0.565313546  6  6  0  G
 0.611120200  6  6  1  G
 0.775730397  6  6  2  G
 0.775730617  6  6  3  G
 0.775731489  6  6  4  G
 0.909277605  6  6  5  G
 0.931164978  6  6  6  G
 0.931165078  6  6  0  G
 0.966403323  6  6  1  G
 1.043569705  6  6  2  G
 1.043570016  6  6  4  G
 1.264085802  6  6  5  G
 1.284044061  6  6  6  G
 1.284044162  6  6  0  G
 1.309616858  6  6  1  G
 1.490437403  6  6  2  G
 1.490437523  6  6  4  G
 1.680482446  6  6  5  G
 1.709488309  6  6  6  G
 1.709488410  6  6  0  G
 1.739576442  6  6  1  G
 1.926303755  6  6  2  G
 1.926304015  6  6  3  G
 1.926304346  6  6  4  G
 2.109949031  6  6  5  G
 2.136154870  6  6  6  G
 2.136154960  6  6  0  G
 2.149293622  6  6  1  G
 2.339445617  6  6  2  G
 2.339445847  6  6  4  G
 2.557090374  6  6  5  G
 2.592761334  6  6  6  G
 2.592761605  6  6  0  G
 2.614433592  6  6  1  G
 2.766048217  6  6  2  G
 2.766048257  6  6  3  G
 2.766049519  6  6  4  G
 2.932472491  6  6  5  G
 2.960738992  6  6  6  G
 2.960739132  6  6  0  G
 3.003693473  6  6  1  G
 3.129687391  6  6  2  G
 3.129687702  6  6  4  G
 3.254032142  6  6  5  G
 3.293311911  6  6  6  G
 3.293312071  6  6  0  G
 0.000530429  7  7  0  H
 0.049164009  7  7  1  H
 0.352444585  7  7  2  H
 0.352444806  7  7  4  H
 0.565313696  7  7  5  H
 0.609964233  7  7  6  H
 0.609964353  7  7  0  H
 0.655249284  7  7  1  H
 0.775730487  7  7  2  H
 0.775730587  7  7  3  H
 0.775731539  7  7  4  H
 0.931165238  7  7  5  H
 0.943254032  7  7  6  H
 0.943254102  7  7  0  H
 0.985626247  7  7  1  H
 1.043569655  7  7  2  H
 1.043569836  7  7  4  H
 1.284044342  7  7  5  H
 1.305128121  7  7  6  H
 1.305128201  7  7  0  H
 1.324962457  7  7  1  H
 1.490436631  7  7  2  H
 1.490436741  7  7  3  H
 1.490437663  7  7  4  H
 1.709488570  7  7  5  H
 1.743004310  7  7  6  H
 1.743004440  7  7  0  H
 1.755389061  7  7  1  H
 1.926303815  7  7  2  H
 1.926303885  7  7  3  H
 1.926304296  7  7  4  H
 2.136155171  7  7  5  H
 2.149712651  7  7  6  H
 2.149712762  7  7  0  H
 2.172279214  7  7  1  H
 2.339444805  7  7  2  H
 2.339445035  7  7  3  H
 2.339445977  7  7  4  H
 2.592761785  7  7  5  H
 2.641392600  7  7  6  H
 2.641392670  7  7  0  H
 2.683965663  7  7  1  H
 2.766049389  7  7  2  H
 2.766049750  7  7  4  H
 2.960739322  7  7  5  H
 2.978596563  7  7  6  H
 2.978596674  7  7  0  H
 3.010711925  7  7  1  H
 3.129687441  7  7  2  H
 3.129687772  7  7  4  H
 3.293312312  7  7  5  H
 3.305387259  7  7  6  H
 3.305387380  7  7  0  H
 0.000484553  2  2  0  C
 0.019150227  2  2  1  C
 0.033263745  2  2  2  C
 0.033264146  2  2  3  C
 0.033264567  2  2  4  C
 0.118184616  2  2  5  C
 0.153641894  2  2  6  C
 0.153642184  2  2  0  C
 0.198932987  2  2  1  C
 0.352444585  2  2  2  C
 0.352444946  2  2  4  C
 0.416259064  2  2  5  C
 0.457381424  2  2  6  C
 0.457381805  2  2  0  C
 0.489301408  2  2  1  C
 0.775730547  2  2  2  C
 0.775730708  2  2  3  C
 0.775731669  2  2  4  C
 0.817289079  2  2  5  C
 0.838130171  2  2  6  C
 0.838130281  2  2  0  C
 0.887939716  2  2  1  C
 1.043569896  2  2  2  C
 1.043570256  2  2  4  C
 1.119903810  2  2  5  C
 1.144724409  2  2  6  C
 1.144724680  2  2  0  C
 1.168343835  2  2  1  C
 1.490436671  2  2  2  C
 1.490437102  2  2  3  C
 1.490437613  2  2  4  C
 1.575806709  2  2  5  C
 1.610680286  2  2  6  C
 1.610680567  2  2  0  C
 1.638184181  2  2  1  C
 1.926303915  2  2  2  C
 1.926304266  2  2  4  C
 2.001457496  2  2  5  C
 2.039512818  2  2  6  C
 2.039512958  2  2  0  C
 2.074030816  2  2  1  C
 2.339444925  2  2  2  C
 2.339445366  2  2  3  C
 2.339445907  2  2  4  C
 2.431407672  2  2  5  C
 2.462711395  2  2  6  C
 2.462711545  2  2  0  C
 2.487240816  2  2  1  C
 2.766048207  2  2  2  C
 2.766048287  2  2  3  C
 2.766049399  2  2  4  C
 2.843272078  2  2  5  C
 2.874865075  2  2  6  C
 2.874865286  2  2  0  C
 2.906980517  2  2  1  C
 3.129687441  2  2  2  C
 3.129687642  2  2  3  C
 3.129687792  2  2  4  C
 3.196009414  2  2  5  C
 3.227101288  2  2  6  C
 3.227101378  2  2  0  C
 3.264534578  2  2  1  C
 3.463039719  2  2  2  C
 3.463039999  2  2  3  C
 3.463040730  2  2  4  C
 3.500898109  2  2  5  C
 3.521851062  2  2  6  C
 3.521851193  2  2  0  C
 0.000502737  4  4  0  E
 0.027849575  4  4  1  E
 0.033263435  4  4  2  E
 0.033263525  4  4  3  E
 0.033264537  4  4  4  E
 0.180444346  4  4  5  E
 0.196405876  4  4  6  E
 0.196405996  4  4  0  E
 0.233304459  4  4  1  E
 0.352444565  4  4  2  E
 0.352444866  4  4  4  E
 0.476209033  4  4  5  E
 0.486685940  4  4  6  E
 0.486686081  4  4  0  E
 0.511448180  4  4  1  E
 0.775730467  4  4  2  E
 0.775730647  4  4  3  E
 0.775731519  4  4  4  E
 0.886612165  4  4  5  E
 0.896734385  4  4  6  E
 0.896734565  4  4  0  E
 0.908181119  4  4  1  E
 1.043569625  4  4  2  E
 1.043569996  4  4  4  E
 1.177144625  4  4  5  E
 1.216451685  4  4  6  E
 1.216451855  4  4  0  E
 1.259879839  4  4  1  E
 1.490436661  4  4  2  E
 1.490436922  4  4  3  E
 1.490437643  4  4  4  E
 1.633918154  4  4  5  E
 1.668202532  4  4  6  E
 1.668202822  4  4  0  E
 1.709630117  4  4  1  E
 1.926304045  4  4  2  E
 1.926304316  4  4  4  E
 2.053953472  4  4  5  E
 2.098705600  4  4  6  E
 2.098705710  4  4  0  E
 2.108814003  4  4  1  E
 2.339444775  4  4  2  E
 2.339445035  4  4  3  E
 2.339445997  4  4  4  E
 2.502718263  4  4  5  E
 2.542781288  4  4  6  E
 2.542781378  4  4  0  E
 2.587736197  4  4  1  E
 2.766049159  4  4  2  E
 2.766049299  4  4  4  E
 2.917358558  4  4  5  E
 2.932472150  4  4  6  E
 2.932472230  4  4  0  E
 2.973901769  4  4  1  E
 3.129687561  4  4  2  E
 3.129687822  4  4  4  E
 3.240462789  4  4  5  E
 3.254031762  4  4  6  E
 3.254032002  4  4  0  E
 3.272810549  4  4  1  E
 3.463039769  4  4  2  E
 3.463040119  4  4  3  E
 3.463040710  4  4  4  E
 3.555909925  4  4  5  E
 3.592340947  4  4  6  E
 3.592341228  4  4  0  E
 3.613868723  4  4  1  E
 3.713598913  4  4  2  E
 3.713599214  4  4  4  E
 3.794319872  4  4  5  E
 3.812360268  4  4  6  E
 3.812360619  4  4  0  E
 3.825591214  4  4  1  E
 3.949032974  4  4  2  E
 3.949033264  4  4  4  E
 3.994580751  4  4  5  E
 4.015375255  4  4  6  E
 4.015375375  4  4  0  E
 0.000557911  10  10  0  K
 0.037796054  10  10  1  K
 0.352444665  10  10  2  K
 0.352444826  10  10  4  K
 0.685232559  10  10  5  K
 0.723141976  10  10  6  K
 0.723142247  10  10  0  K
 0.734993964  10  10  1  K
 0.775730477  10  10  2  K
 0.775730708  10  10  3  K
 0.775731539  10  10  4  K
 0.977274673  10  10  5  K
 0.987719330  10  10  6  K
 0.987719440  10  10  0  K
 1.018055840  10  10  1  K
 1.043569896  10  10  2  K
 1.043570256  10  10  4  K
 1.361367670  10  10  5  K
 1.390106701  10  10  6  K
 1.390106801  10  10  0  K
 1.423595550  10  10  1  K
 1.490436521  10  10  2  K
 1.490436772  10  10  3  K
 1.490437583  10  10  4  K
 1.841069633  10  10  5  K
 1.889754911  10  10  6  K
 1.889755191  10  10  0  K
 1.911143294  10  10  1  K
 1.926303715  10  10  2  K
 1.926304156  10  10  4  K
 2.239715787  10  10  5  K
 2.283862574  10  10  6  K
 2.283862835  10  10  0  K
 2.314181642  10  10  1  K
 2.339444795  10  10  2  K
 2.339445116  10  10  3  K
 2.339445957  10  10  4  K
 2.702273142  10  10  5  K
 2.712968761  10  10  6  K
 2.712968851  10  10  0  K
 2.751178193  10  10  1  K
 2.766048287  10  10  2  K
 2.766048658  10  10  3  K
 2.766049469  10  10  4  K
 3.025589663  10  10  5  K
 3.067615294  10  10  6  K
 3.067615365  10  10  0  K
 3.108986393  10  10  1  K
 3.129687431  10  10  2  K
 3.129687832  10  10  4  K
 3.346255891  10  10  5  K
 3.374001751  10  10  6  K
 3.374002002  10  10  0  K
 3.394660179  10  10  1  K
 3.463039638  10  10  2  K
 3.463039829  10  10  3  K
 3.463040660  10  10  4  K
 3.627752408  10  10  5  K
 3.652153748  10  10  6  K
 3.652153978  10  10  0  K
 3.690156961  10  10  1  K
 3.713598863  10  10  2  K
 3.713599174  10  10  4  K
 3.860152113  10  10  5  K
 3.885374208  10  10  6  K
 3.885374459  10  10  0  K
 3.911680787  10  10  1  K
 3.949032844  10  10  2  K
 3.949033004  10  10  4  K
 4.028316064  10  10  5  K
 4.064758868  10  10  6  K
 4.064759129  10  10  0  K
 0.000550257  9  9  0  J
 0.021455500  9  9  1  J
 0.033263545  9  9  2  J
 0.033263755  9  9  3  J
 0.033264617  9  9  4  J
 0.243917402  9  9  5  J
 0.291314443  9  9  6  J
 0.291314553  9  9  0  J
 0.331198851  9  9  1  J
 0.352444505  9  9  2  J
 0.352444886  9  9  4  J
 0.652100012  9  9  5  J
 0.685232209  9  9  6  J
 0.685232299  9  9  0  J
 0.718476698  9  9  1  J
 0.775730407  9  9  2  J
 0.775730627  9  9  3  J
 0.775731479  9  9  4  J
 0.965223410  9  9  5  J
 0.977274312  9  9  6  J
 0.977274383  9  9  0  J
 0.992645600  9  9  1  J
 1.043569856  9  9  2  J
 1.043570337  9  9  4  J
 1.333745814  9  9  5  J
 1.361367289  9  9  6  J
 1.361367410  9  9  0  J
 1.380328260  9  9  1  J
 1.490436511  9  9  2  J
 1.490436812  9  9  3  J
 1.490437623  9  9  4  J
 1.792305327  9  9  5  J
 1.841068842  9  9  6  J
 1.841069062  9  9  0  J
 1.876306916  9  9  1  J
 1.926303855  9  9  2  J
 1.926303965  9  9  3  J
 1.926304256  9  9  4  J
 2.193275369  9  9  5  J
 2.239715376  9  9  6  J
 2.239715436  9  9  0  J
 2.262517302  9  9  1  J
 2.339444765  9  9  2  J
 2.339444835  9  9  3  J
 2.339445947  9  9  4  J
 2.685704428  9  9  5  J
 2.702272771  9  9  6  J
 2.702272831  9  9  0  J
 2.720576012  9  9  1  J
 2.766048207  9  9  2  J
 2.766048387  9  9  3  J
 2.766049409  9  9  4  J
 3.012226548  9  9  5  J
 3.025589342  9  9  6  J
 3.025589423  9  9  0  J
 3.068252916  9  9  1  J
 3.129687421  9  9  2  J
 3.129687962  9  9  4  J
 3.305387680  9  9  5  J
 3.346255480  9  9  6  J
 3.346255741  9  9  0  J
 3.383342178  9  9  1  J
 3.463040440  9  9  2  J
 3.463040570  9  9  4  J
 3.592341548  9  9  5  J
 3.627751917  9  9  6  J
 3.627752268  9  9  0  J
 3.651781697  9  9  1  J
 3.713598623  9  9  2  J
 3.713598723  9  9  3  J
 3.713598953  9  9  4  J
 3.812360759  9  9  5  J
 3.860151672  9  9  6  J
 3.860151772  9  9  0  J
 3.876031898  9  9  1  J
 3.949032804  9  9  2  J
 3.949032854  9  9  3  J
 3.949033064  9  9  4  J
 4.015375516  9  9  5  J
 4.028315673  9  9  6  J
 4.028315924  9  9  0  J
 4.050469218  9  9  1  J
 4.090364486  9  9  2  J
 4.090364526  9  9  3  J
 4.090364747  9  9  4  J
 4.155400567  9  9  5  J
 4.187972879  9  9  6  J
 4.187973009  9  9  0  J
 0.000565576  11  11  0  L
 0.041918410  11  11  1  L
 0.352444575  11  11  2  L
 0.352444896  11  11  4  L
 0.723142417  11  11  5  L
 0.756642187  11  11  6  L
 0.756642267  11  11  0  L
 0.793326847  11  11  1  L
 1.043569776  11  11  2  L
 1.043569836  11  11  4  L
 1.390106982  11  11  5  L
 1.432772719  11  11  6  L
 1.432772919  11  11  0  L
 1.450985750  11  11  1  L
 1.490436531  11  11  2  L
 1.490436641  11  11  3  L
 1.490437653  11  11  4  L
 1.889755402  11  11  5  L
 1.904761091  11  11  6  L
 1.904761171  11  11  0  L
 1.937490008  11  11  1  L
 2.339444835  11  11  2  L
 2.339445035  11  11  3  L
 2.339445987  11  11  4  L
 2.712969032  11  11  5  L
 2.736630627  11  11  6  L
 2.736630868  11  11  0  L
 2.773661579  11  11  1  L
 3.129687461  11  11  2  L
 3.129687561  11  11  3  L
 3.129687832  11  11  4  L
 3.374002342  11  11  5  L
 3.411583561  11  11  6  L
 3.411583671  11  11  0  L
 3.448576401  11  11  1  L
 3.463039488  11  11  2  L
 3.463039709  11  11  3  L
 3.463040720  11  11  4  L
 3.652154158  11  11  5  L
 3.663671035  11  11  6  L
 3.663671365  11  11  0  L
 3.711082673  11  11  1  L
 3.713598633  11  11  2  L
 3.713598693  11  11  3  L
 3.713598943  11  11  4  L
 3.885374689  11  11  5  L
 3.922167212  11  11  6  L
 3.922167362  11  11  0  L
 3.953438123  11  11  1  L
 4.090364737  11  11  2  L
 4.090365007  11  11  4  L
 4.187973150  11  11  5  L
 4.213924810  11  11  6  L
 4.213925040  11  11  0  L
 0.000573270  12  12  0  M
 0.042823054  12  12  1  M
 0.352444685  12  12  2  M
 0.352444936  12  12  4  M
 0.756642578  12  12  5  M
 0.775730187  12  12  6  M
 0.775730277  12  12  0  M
 0.803571607  12  12  1  M
 1.043569906  12  12  2  M
 1.043570176  12  12  4  M
 1.432773280  12  12  5  M
 1.462181822  12  12  6  M
 1.462181913  12  12  0  M
 1.503671735  12  12  1  M
 1.926304025  12  12  2  M
 1.926304286  12  12  4  M
 2.283863025  12  12  5  M
 2.314212290  12  12  6  M
 2.314212390  12  12  0  M
 2.349102178  12  12  1  M
 2.766048567  12  12  2  M
 2.766048918  12  12  3  M
 2.766049479  12  12  4  M
 3.067615886  12  12  5  M
 3.082309416  12  12  6  M
 3.082309567  12  12  0  M
 3.119177492  12  12  1  M
 3.129687551  12  12  2  M
 3.129687732  12  12  4  M
 3.411583972  12  12  5  M
 3.447046279  12  12  6  M
 3.447046509  12  12  0  M
 3.495817338  12  12  1  M
 3.713598673  12  12  2  M
 3.713598873  12  12  4  M
 3.922167583  12  12  5  M
 3.934582331  12  12  6  M
 3.934582421  12  12  0  M
 3.960574737  12  12  1  M
 4.090364516  12  12  2  M
 4.090364556  12  12  3  M
 4.090364807  12  12  4  M
 4.213925160  12  12  5  M
 4.233464280  12  12  6  M
 4.233464520  12  12  0  M
 0.000460678  0  0  0  A
 0.028539115  0  0  1  A
 0.033263495  0  0  2  A
 0.033263565  0  0  3  A
 0.033264727  0  0  4  A
 0.033264847  0  0  5  A
 0.076098040  0  0  6  A
 0.076098240  0  0  0  A
 0.124231778  0  0  1  A
 0.352444786  0  0  2  A
 0.352445136  0  0  4  A
 0.352445226  0  0  5  A
 0.378738239  0  0  6  A
 0.378738520  0  0  0  A
 0.398814731  0  0  1  A
 0.775730637  0  0  2  A
 0.775730988  0  0  3  A
 0.775731579  0  0  4  A
 0.775731709  0  0  5  A
 0.785981188  0  0  6  A
 0.785981349  0  0  0  A
 0.828837444  0  0  1  A
 1.043569866  0  0  2  A
 1.043570296  0  0  4  A
 1.043570337  0  0  5  A
 1.090528540  0  0  6  A
 1.090528841  0  0  0  A
 1.131841269  0  0  1  A
 1.490436711  0  0  2  A
 1.490437042  0  0  3  A
 1.490437693  0  0  4  A
 1.490437844  0  0  5  A
 1.539654001  0  0  6  A
 1.539654292  0  0  0  A
 1.585545085  0  0  1  A
 1.926303815  0  0  2  A
 1.926304146  0  0  4  A
 1.926304216  0  0  5  A
 1.973552376  0  0  6  A
 1.973552526  0  0  0  A
 2.016167388  0  0  1  A
 2.339444855  0  0  2  A
 2.339445025  0  0  3  A
 2.339445987  0  0  4  A
 2.339446097  0  0  5  A
 2.381613135  0  0  6  A
 2.381613416  0  0  0  A
 2.413954593  0  0  1  A
 2.766048317  0  0  2  A
 2.766048587  0  0  3  A
 2.766049469  0  0  4  A
 2.766049599  0  0  5  A
 2.813655093  0  0  6  A
 2.813655223  0  0  0  A
 2.826961781  0  0  1  A
 3.129687591  0  0  2  A
 3.129687852  0  0  4  A
 3.129687882  0  0  5  A
 3.160388428  0  0  6  A
 3.160388619  0  0  0  A
 3.185280753  0  0  1  A
 3.463039628  0  0  2  A
 3.463039879  0  0  3  A
 3.463040650  0  0  4  A
 3.463040761  0  0  5  A
 3.500897829  0  0  6  A
 3.500897979  0  0  0  A
 3.531344878  0  0  1  A
 3.713598723  0  0  2  A
 3.713598933  0  0  4  A
 3.713598963  0  0  5  A
 3.761032402  0  0  6  A
 3.761032673  0  0  0  A
 3.778401093  0  0  1  A
 3.949032914  0  0  2  A
 3.949033084  0  0  4  A
 3.949033184  0  0  5  A
 3.959564775  0  0  6  A
 3.959565045  0  0  0  A
 3.984756463  0  0  1  A
 4.090364586  0  0  2  A
 4.090364677  0  0  4  A
 4.090364717  0  0  5  A
 4.131500973  0  0  6  A
 4.131501103  0  0  0  A
 4.155310537  0  0  1  A
 4.251176177  0  0  2  A
 4.251176237  0  0  4  A
 4.251176257  0  0  5  A
 4.276984517  0  0  6  A
 4.276984807  0  0  0  A
 0.000493860  3  3  0  D
 0.028692854  3  3  1  D
 0.033263465  3  3  2  D
 0.033263535  3  3  3  D
 0.033264557  3  3  4  D
 0.153642405  3  3  5  D
 0.180444086  3  3  6  D
 0.180444216  3  3  0  D
 0.225981573  3  3  1  D
 0.352444735  3  3  2  D
 0.352445156  3  3  4  D
 0.457383197  3  3  5  D
 0.476208582  3  3  6  D
 0.476208682  3  3  0  D
 0.505026712  3  3  1  D
 0.775730477  3  3  2  D
 0.775730788  3  3  3  D
 0.775731479  3  3  4  D
 0.838130421  3  3  5  D
 0.886611624  3  3  6  D
 0.886611915  3  3  0  D
 0.909288385  3  3  1  D
 1.043569615  3  3  2  D
 1.043569705  3  3  3  D
 1.043569996  3  3  4  D
 1.144724920  3  3  5  D
 1.177144194  3  3  6  D
 1.177144455  3  3  0  D
 1.220903933  3  3  1  D
 1.490436531  3  3  2  D
 1.490436721  3  3  3  D
 1.490437593  3  3  4  D
 1.610680717  3  3  5  D
 1.633917733  3  3  6  D
 1.633918014  3  3  0  D
 1.650403120  3  3  1  D
 1.926303865  3  3  2  D
 1.926303965  3  3  3  D
 1.926304246  3  3  4  D
 2.039513078  3  3  5  D
 2.053953091  3  3  6  D
 2.053953162  3  3  0  D
 2.082735184  3  3  1  D
 2.339444735  3  3  2  D
 2.339445276  3  3  3  D
 2.339445927  3  3  4  D
 2.462711656  3  3  5  D
 2.502718043  3  3  6  D
 2.502718123  3  3  0  D
 2.524527169  3  3  1  D
 2.766048197  3  3  2  D
 2.766048387  3  3  3  D
 2.766049409  3  3  4  D
 2.874865406  3  3  5  D
 2.917358127  3  3  6  D
 2.917358408  3  3  0  D
 2.946895552  3  3  1  D
 3.129687461  3  3  2  D
 3.129687822  3  3  4  D
 3.227101608  3  3  5  D
 3.240462318  3  3  6  D
 3.240462459  3  3  0  D
 3.251372291  3  3  1  D
 3.463039688  3  3  2  D
 3.463039969  3  3  3  D
 3.463040680  3  3  4  D
 3.521851303  3  3  5  D
 3.555909214  3  3  6  D
 3.555909374  3  3  0  D
 3.586413571  3  3  1  D
 3.713598833  3  3  2  D
 3.713599104  3  3  4  D
 3.761032843  3  3  5  D
 3.794319421  3  3  6  D
 3.794319672  3  3  0  D
 3.822732909  3  3  1  D
 3.949033024  3  3  2  D
 3.949033355  3  3  4  D
 3.959565225  3  3  5  D
 3.994580480  3  3  6  D
 3.994580580  3  3  0  D
 4.014638718  3  3  1  D
 4.090364637  3  3  2  D
 4.090364817  3  3  4  D
 4.131501313  3  3  5  D
 4.155400066  3  3  6  D
 4.155400436  3  3  0  D
 4.192387806  3  3  1  D
 4.251176347  3  3  2  D
 4.251176498  3  3  4  D
 4.276984928  3  3  5  D
 4.324470745  3  3  6  D
 4.324471066  3  3  0  D
 0.000581145  13  13  0  N
 0.029609721  13  13  1  N
 0.033263445  13  13  2  N
 0.033263795  13  13  3  N
 0.033264527  13  13  4  N
 0.291314904  13  13  5  N
 0.325127904  13  13  6  N
 0.325128044  13  13  0  N
 0.357058738  13  13  1  N
 0.775730768  13  13  2  N
 0.775731018  13  13  3  N
 0.775731519  13  13  4  N
 0.987719670  13  13  5  N
 1.001786120  13  13  6  N
 1.001786390  13  13  0  N
 1.015363178  13  13  1  N
 1.043569635  13  13  2  N
 1.043570006  13  13  4  N
 1.462182073  13  13  5  N
 1.490436271  13  13  6  N
 1.490436331  13  13  0  N
 1.501812803  13  13  1  N
 1.926303855  13  13  2  N
 1.926304105  13  13  3  N
 1.926304346  13  13  4  N
 2.314212560  13  13  5  N
 2.339444544  13  13  6  N
 2.339444605  13  13  0  N
 2.351023979  13  13  1  N
 2.766048437  13  13  2  N
 2.766048758  13  13  3  N
 2.766049439  13  13  4  N
 3.082309978  13  13  5  N
 3.129687071  13  13  6  N
 3.129687271  13  13  0  N
 3.178633500  13  13  1  N
 3.463039839  13  13  2  N
 3.463040179  13  13  3  N
 3.463040700  13  13  4  N
 3.663671506  13  13  5  N
 3.713598282  13  13  6  N
 3.713598362  13  13  0  N
 3.750342013  13  13  1  N
 3.949032914  13  13  2  N
 3.949033044  13  13  4  N
 4.064759509  13  13  5  N
 4.090364055  13  13  6  N
 4.090364366  13  13  0  N
 4.129589932  13  13  1  N
 4.251176207  13  13  2  N
 4.251176267  13  13  4  N
 4.324471176  13  13  5  N
 4.340437545  13  13  6  N
 4.340437846  13  13  0  N
 4.361037794  13  13  1  N
 4.371233321  13  13  2  N
 4.371233391  13  13  4  N
 4.371233451  13  13  5  N
 4.414553731  13  13  6  N
 4.414554262  13  13  0  N
 4.453707192  13  13  1  N
 4.453708324  13  13  2  N
 4.453708414  13  13  4  N
 4.453708555  13  13  5  N
 4.473388990  13  13  6  N
 4.473389521  13  13  0  N
 4.497031400  13  13  1  N
 4.517473731  13  13  2  N
 4.517473791  13  13  4  N
 4.517473911  13  13  5  N
 4.543169930  13  13  6  N
 4.543170461  13  13  0  N
 0.000590663  14  14  0  O
 0.033028482  14  14  1  O
 0.033263425  14  14  2  O
 0.033263946  14  14  3  O
 0.033264537  14  14  4  O
 0.325128204  14  14  5  O
 0.352444315  14  14  6  O
 0.352444385  14  14  0  O
 0.398385442  14  14  1  O
 0.775730437  14  14  2  O
 0.775730898  14  14  3  O
 0.775731499  14  14  4  O
 1.001786651  14  14  5  O
 1.043569295  14  14  6  O
 1.043569375  14  14  0  O
 1.070471525  14  14  1  O
 1.490436691  14  14  2  O
 1.490437092  14  14  3  O
 1.490437613  14  14  4  O
 1.904761482  14  14  5  O
 1.926303584  14  14  6  O
 1.926303645  14  14  0  O
 1.972374236  14  14  1  O
 2.339444915  14  14  2  O
 2.339445366  14  14  3  O
 2.339445907  14  14  4  O
 2.736631028  14  14  5  O
 2.766047866  14  14  6  O
 2.766047936  14  14  0  O
 2.782642008  14  14  1  O
 3.129687682  14  14  2  O
 3.129688042  14  14  4  O
 3.447046910  14  14  5  O
 3.463039238  14  14  6  O
 3.463039318  14  14  0  O
 3.478594963  14  14  1  O
 3.713598773  14  14  2  O
 3.713599013  14  14  4  O
 3.934582741  14  14  5  O
 3.949032633  14  14  6  O
 3.949032703  14  14  0  O
 3.966925351  14  14  1  O
 4.090364687  14  14  2  O
 4.090364897  14  14  4  O
 4.233464640  14  14  5  O
 4.251175826  14  14  6  O
 4.251176087  14  14  0  O
 4.284338872  14  14  1  O
 4.340438006  14  14  2  O
 4.340438106  14  14  4  O
 4.340438156  14  14  5  O
 4.371232960  14  14  6  O
 4.371233221  14  14  0  O
 4.384901480  14  14  1  O
 4.414554343  14  14  2  O
 4.414554403  14  14  4  O
 4.414554473  14  14  5  O
 4.431143735  14  14  6  O
 4.431144947  14  14  0  O
 4.469124527  14  14  1  O
 4.473389612  14  14  2  O
 4.473389672  14  14  4  O
 4.473392166  14  14  5  O
 4.517473270  14  14  6  O
 4.517473661  14  14  0  O
 4.535179176  14  14  1  O
 4.543170541  14  14  2  O
 4.543170601  14  14  4  O
 4.543170721  14  14  5  O
 4.574629786  14  14  6  O
 4.574631039  14  14  0  O
 4.616471171  14  14  1  O
 4.616472373  14  14  2  O
 4.616472463  14  14  4  O
 4.616472643  14  14  5  O
 4.629428000  14  14  6  O
 4.629429032  14  14  0  O
 4.667631040  14  14  1  O
 4.667631992  14  14  2  O
 4.667632052  14  14  4  O
 4.667632222  14  14  5  O
 4.699536847  14  14  6  O
 4.699537829  14  14  0  O
-1  15  15  7 LOCAL_SECTION;ENTRY_PROTOCOL_1;ENTRY_PROTOCOL_2;ENTRY_PROTOCOL_3;ENTRY_PROTOCOL_4;CRITICAL_SECTION;EXIT_PROTOCOL;
