0.000119485  4  4  0  E
0.025704283  4  4  1  E
0.035953842  4  4  2  E
0.035954073  4  4  4  E
0.124405034  4  4  5  E
0.163504764  4  4  6  E
0.163504834  4  4  0  E
0.204836408  4  4  1  E
0.323607509  4  4  2  E
0.323607859  4  4  4  E
0.454216060  4  4  5  E
0.501444563  4  4  6  E
0.501444634  4  4  0  E
0.546791141  4  4  1  E
0.838816704  4  4  2  E
0.838817094  4  4  4  E
0.927315145  4  4  5  E
0.961539129  4  4  6  E
0.961539199  4  4  0  E
0.991766924  4  4  1  E
1.256091852  4  4  2  E
1.256092143  4  4  4  E
1.291332541  4  4  5  E
1.316550900  4  4  6  E
1.316550970  4  4  0  E
1.336661827  4  4  1  E
1.610502381  4  4  2  E
1.610502501  4  4  4  E
1.684158601  4  4  5  E
1.697331226  4  4  6  E
1.697331326  4  4  0  E
1.712442204  4  4  1  E
1.922563348  4  4  2  E
1.922563528  4  4  4  E
2.065786173  4  4  5  E
2.105013553  4  4  6  E
2.105013673  4  4  0  E
0.000093255  8  8  0  I
0.045704522  8  8  1  I
0.323607459  8  8  2  I
0.323607699  8  8  4  I
0.606465310  8  8  5  I
0.636626240  8  8  6  I
0.636626300  8  8  0  I
0.650855717  8  8  1  I
0.838816724  8  8  2  I
0.838817145  8  8  4  I
1.070570411  8  8  5  I
1.103800152  8  8  6  I
1.103800242  8  8  0  I
1.140025917  8  8  1  I
1.256091922  8  8  2  I
1.256092273  8  8  4  I
1.434294445  8  8  5  I
1.461402924  8  8  6  I
1.461402985  8  8  0  I
1.506571226  8  8  1  I
1.610502491  8  8  2  I
1.610502761  8  8  4  I
1.772946777  8  8  5  I
1.783116025  8  8  6  I
1.783116075  8  8  0  I
1.827404018  8  8  1  I
1.922563338  8  8  2  I
1.922563528  8  8  4  I
2.187540204  8  8  5  I
2.220706405  8  8  6  I
2.220706495  8  8  0  I
2.254918657  8  8  1  I
2.323277607  8  8  2  I
2.323277798  8  8  4  I
2.531402461  8  8  5  I
2.570458828  8  8  6  I
2.570458888  8  8  0  I
0.000101461  9  9  0  J
0.030953572  9  9  1  J
0.035953772  9  9  2  J
0.035954013  9  9  4  J
0.234065312  9  9  5  J
0.264286675  9  9  6  J
0.264286745  9  9  0  J
0.276395226  9  9  1  J
0.323607459  9  9  2  J
0.323607829  9  9  4  J
0.636626451  9  9  5  J
0.656969354  9  9  6  J
0.656969404  9  9  0  J
0.689070970  9  9  1  J
0.838816714  9  9  2  J
0.838816894  9  9  4  J
1.103800573  9  9  5  J
1.133913462  9  9  6  J
1.133913532  9  9  0  J
1.157400469  9  9  1  J
1.256091922  9  9  2  J
1.256092173  9  9  4  J
1.461403165  9  9  5  J
1.508687203  9  9  6  J
1.508687303  9  9  0  J
1.551115663  9  9  1  J
1.610502491  9  9  2  J
1.610502791  9  9  4  J
1.783116215  9  9  5  J
1.805290950  9  9  6  J
1.805291020  9  9  0  J
1.842115694  9  9  1  J
1.922563398  9  9  2  J
1.922563789  9  9  4  J
2.220706766  9  9  5  J
2.258036621  9  9  6  J
2.258036691  9  9  0  J
2.270103784  9  9  1  J
2.323277637  9  9  2  J
2.323277697  9  9  4  J
2.570458979  9  9  5  J
2.617674948  9  9  6  J
2.617675028  9  9  0  J
0.000072236  6  6  0  G
0.033100407  6  6  1  G
0.035953903  6  6  2  G
0.035954183  6  6  4  G
0.163504904  6  6  5  G
0.198725526  6  6  6  G
0.198725576  6  6  0  G
0.215954994  6  6  1  G
0.323607469  6  6  2  G
0.323607870  6  6  4  G
0.534557574  6  6  5  G
0.559118905  6  6  6  G
0.559118995  6  6  0  G
0.599350176  6  6  1  G
0.838816754  6  6  2  G
0.838817114  6  6  4  G
0.995112938  6  6  5  G
1.026234407  6  6  6  G
1.026234497  6  6  0  G
1.067458899  6  6  1  G
1.256091882  6  6  2  G
1.256092183  6  6  4  G
1.362841476  6  6  5  G
1.400069830  6  6  6  G
1.400069930  6  6  0  G
1.422182898  6  6  1  G
1.610502491  6  6  2  G
1.610502741  6  6  4  G
1.747674597  6  6  5  G
1.757729590  6  6  6  G
1.757729640  6  6  0  G
1.780056201  6  6  1  G
1.922563378  6  6  2  G
1.922563548  6  6  4  G
2.123191278  6  6  5  G
2.164422192  6  6  6  G
2.164422282  6  6  0  G
2.202596558  6  6  1  G
2.323277697  6  6  2  G
2.323277918  6  6  4  G
2.470682381  6  6  5  G
2.490806512  6  6  6  G
2.490806603  6  6  0  G
2.513228212  6  6  1  G
2.972990231  6  6  2  G
2.972990421  6  6  4  G
3.091405622  6  6  5  G
3.104518415  6  6  6  G
3.104518495  6  6  0  G
3.120736769  6  6  1  G
3.228732650  6  6  2  G
3.228732771  6  6  4  G
3.373505937  6  6  5  G
3.413725826  6  6  6  G
3.413725916  6  6  0  G
0.000080902  10  10  0  K
0.012237744  10  10  1  K
0.012237824  10  10  2  K
0.012237874  10  10  4  K
0.012237914  10  10  5  K
0.035953562  10  10  6  K
0.035953652  10  10  0  K
0.067038122  10  10  1  K
0.323607499  10  10  2  K
0.323607779  10  10  4  K
0.656969595  10  10  5  K
0.704182178  10  10  6  K
0.704182278  10  10  0  K
0.735283639  10  10  1  K
0.838816664  10  10  2  K
0.838816874  10  10  4  K
1.133913843  10  10  5  K
1.156343878  10  10  6  K
1.156343958  10  10  0  K
1.173516179  10  10  1  K
1.256091902  10  10  2  K
1.256092233  10  10  4  K
1.508687453  10  10  5  K
1.522797004  10  10  6  K
1.522797034  10  10  0  K
1.549018913  10  10  1  K
1.610502601  10  10  2  K
1.610502912  10  10  4  K
1.805291331  10  10  5  K
1.833065604  10  10  6  K
1.833065684  10  10  0  K
1.869282483  10  10  1  K
2.323277657  10  10  2  K
2.323277768  10  10  4  K
2.617675138  10  10  5  K
2.658788832  10  10  6  K
2.658788922  10  10  0  K
2.679006760  10  10  1  K
2.709115161  10  10  2  K
2.709115311  10  10  4  K
2.890316403  10  10  5  K
2.919538865  10  10  6  K
2.919538955  10  10  0  K
2.969871085  10  10  1  K
2.972990271  10  10  2  K
2.972990361  10  10  4  K
3.152965484  10  10  5  K
3.164020510  10  10  6  K
3.164020570  10  10  0  K
3.197114065  10  10  1  K
3.228732721  10  10  2  K
3.228732861  10  10  4  K
3.428474892  10  10  5  K
3.476066850  10  10  6  K
3.476066940  10  10  0  K
0.000142298  1  1  0  B
0.028822297  1  1  1  B
0.035953742  1  1  2  B
0.035953822  1  1  4  B
0.035953882  1  1  5  B
0.080154712  1  1  6  B
0.080154812  1  1  0  B
0.107287747  1  1  1  B
0.323607469  1  1  2  B
0.323607749  1  1  4  B
0.323607960  1  1  5  B
0.370825893  1  1  6  B
0.370825993  1  1  0  B
0.381934540  1  1  1  B
0.838816654  1  1  2  B
0.838816914  1  1  4  B
0.887987265  1  1  5  B
0.907097998  1  1  6  B
0.907098068  1  1  0  B
0.952426491  1  1  1  B
1.610502531  1  1  2  B
1.610502802  1  1  4  B
1.630561810  1  1  5  B
1.644739459  1  1  6  B
1.644739550  1  1  0  B
1.658966241  1  1  1  B
1.922563278  1  1  2  B
1.922563408  1  1  4  B
1.960330978  1  1  5  B
1.996497501  1  1  6  B
1.996497591  1  1  0  B
2.041720506  1  1  1  B
2.323277707  1  1  2  B
2.323277928  1  1  4  B
2.371177054  1  1  5  B
2.386284154  1  1  6  B
2.386284204  1  1  0  B
2.434842182  1  1  1  B
2.709115181  1  1  2  B
2.709115331  1  1  4  B
2.738343965  1  1  5  B
2.768571219  1  1  6  B
2.768571319  1  1  0  B
2.808908851  1  1  1  B
2.972990331  1  1  2  B
2.972990592  1  1  4  B
3.002101533  1  1  5  B
3.038889277  1  1  6  B
3.038889367  1  1  0  B
3.085287606  1  1  1  B
3.228732721  1  1  2  B
3.228732871  1  1  4  B
3.278951287  1  1  5  B
3.317178803  1  1  6  B
3.317178923  1  1  0  B
3.360395328  1  1  1  B
3.547507716  1  1  2  B
3.547507856  1  1  4  B
3.586622393  1  1  5  B
3.605847952  1  1  6  B
3.605848062  1  1  0  B
0.000135144  3  3  0  D
0.040447358  3  3  1  D
0.323607489  3  3  2  D
0.323607789  3  3  4  D
0.405044066  3  3  5  D
0.454215800  3  3  6  D
0.454215870  3  3  0  D
0.498328844  3  3  1  D
0.838816684  3  3  2  D
0.838816994  3  3  4  D
0.907098258  3  3  5  D
0.927314854  3  3  6  D
0.927314914  3  3  0  D
0.974646261  3  3  1  D
1.256091922  3  3  2  D
1.256092473  3  3  4  D
1.279159218  3  3  5  D
1.291332201  3  3  6  D
1.291332261  3  3  0  D
1.337722876  3  3  1  D
1.610502411  3  3  2  D
1.610502631  3  3  4  D
1.655852305  3  3  5  D
1.684158340  3  3  6  D
1.684158440  3  3  0  D
1.720558714  3  3  1  D
1.922563338  3  3  2  D
1.922563809  3  3  4  D
2.027612789  3  3  5  D
2.065785832  3  3  6  D
2.065785923  3  3  0  D
2.113072826  3  3  1  D
2.323277808  3  3  2  D
2.323278118  3  3  4  D
2.401507043  3  3  5  D
2.425732911  3  3  6  D
2.425732991  3  3  0  D
2.460622710  3  3  1  D
2.709115201  3  3  2  D
2.709115391  3  3  4  D
2.768571430  3  3  5  D
2.804797475  3  3  6  D
2.804797545  3  3  0  D
2.841023872  3  3  1  D
2.972990221  3  3  2  D
2.972990411  3  3  4  D
3.052001569  3  3  5  D
3.076230814  3  3  6  D
3.076230885  3  3  0  D
3.106609144  3  3  1  D
3.228732700  3  3  2  D
3.228732941  3  3  4  D
3.317179133  3  3  5  D
3.347285360  3  3  6  D
3.347285440  3  3  0  D
3.373506989  3  3  1  D
3.547507746  3  3  2  D
3.547507936  3  3  4  D
3.638015362  3  3  5  D
3.688210404  3  3  6  D
3.688210504  3  3  0  D
0.000135234  5  5  0  F
0.048826443  5  5  1  F
0.323607479  5  5  2  F
0.323607769  5  5  4  F
0.501444804  5  5  5  F
0.534557324  5  5  6  F
0.534557394  5  5  0  F
0.575234305  5  5  1  F
0.838816634  5  5  2  F
0.838816744  5  5  4  F
0.961539309  5  5  5  F
0.995112737  5  5  6  F
0.995112818  5  5  0  F
1.034342011  5  5  1  F
1.256091852  5  5  2  F
1.256092153  5  5  4  F
1.316551251  5  5  5  F
1.362841226  5  5  6  F
1.362841326  5  5  0  F
1.385952865  5  5  1  F
1.610502481  5  5  2  F
1.610502872  5  5  4  F
1.697331647  5  5  5  F
1.747674307  5  5  6  F
1.747674387  5  5  0  F
1.765922765  5  5  1  F
1.922563298  5  5  2  F
1.922563458  5  5  4  F
2.105013863  5  5  5  F
2.123190947  5  5  6  F
2.123191057  5  5  0  F
2.143305040  5  5  1  F
2.323277707  5  5  2  F
2.323277888  5  5  4  F
2.425733192  5  5  5  F
2.470682140  5  5  6  F
2.470682201  5  5  0  F
2.516344553  5  5  1  F
2.709115201  5  5  2  F
2.709115592  5  5  4  F
2.804797646  5  5  5  F
2.842085111  5  5  6  F
2.842085181  5  5  0  F
2.867196658  5  5  1  F
2.972990301  5  5  2  F
2.972990652  5  5  4  F
3.076231025  5  5  5  F
3.091405271  5  5  6  F
3.091405372  5  5  0  F
3.132850640  5  5  1  F
3.228732680  5  5  2  F
3.228732841  5  5  4  F
3.347285711  5  5  5  F
3.373505676  5  5  6  F
3.373505746  5  5  0  F
3.389612269  5  5  1  F
3.547507826  5  5  2  F
3.547507996  5  5  4  F
3.688210704  5  5  5  F
3.726323865  5  5  6  F
3.726323915  5  5  0  F
0.000140454  7  7  0  H
0.020471165  7  7  1  H
0.035953822  7  7  2  H
0.035953933  7  7  4  H
0.198725826  7  7  5  H
0.234065081  7  7  6  H
0.234065151  7  7  0  H
0.251174263  7  7  1  H
0.323607659  7  7  2  H
0.323607859  7  7  4  H
0.559119246  7  7  5  H
0.606465060  7  7  6  H
0.606465120  7  7  0  H
0.642737523  7  7  1  H
0.838816734  7  7  2  H
0.838817124  7  7  4  H
1.026234748  7  7  5  H
1.070570130  7  7  6  H
1.070570231  7  7  0  H
1.097680463  7  7  1  H
1.256092032  7  7  2  H
1.256092363  7  7  4  H
1.400070111  7  7  5  H
1.434294265  7  7  6  H
1.434294315  7  7  0  H
1.474510077  7  7  1  H
1.610502611  7  7  2  H
1.610502922  7  7  4  H
1.757729890  7  7  5  H
1.772946487  7  7  6  H
1.772946537  7  7  0  H
1.798229617  7  7  1  H
1.922563328  7  7  2  H
1.922563598  7  7  4  H
2.164422432  7  7  5  H
2.187539783  7  7  6  H
2.187539883  7  7  0  H
2.229224211  7  7  1  H
2.323277587  7  7  2  H
2.323277828  7  7  4  H
2.490806813  7  7  5  H
2.531402330  7  7  6  H
2.531402380  7  7  0  H
2.572573883  7  7  1  H
2.709115161  7  7  2  H
2.709115441  7  7  4  H
2.842085432  7  7  5  H
2.890316213  7  7  6  H
2.890316323  7  7  0  H
2.917423750  7  7  1  H
2.972990281  7  7  2  H
2.972990532  7  7  4  H
3.104518686  7  7  5  H
3.152965113  7  7  6  H
3.152965203  7  7  0  H
3.201333063  7  7  1  H
3.228732680  7  7  2  H
3.228732841  7  7  4  H
3.413726117  7  7  5  H
3.428474611  7  7  6  H
3.428474691  7  7  0  H
3.450946736  7  7  1  H
3.547507816  7  7  2  H
3.547508097  7  7  4  H
3.726324065  7  7  5  H
3.774421335  7  7  6  H
3.774421425  7  7  0  H
0.000095149  0  0  0  A
0.043562406  0  0  1  A
0.838816724  0  0  2  A
0.838817074  0  0  4  A
0.838817155  0  0  5  A
0.887986985  0  0  6  A
0.887987075  0  0  0  A
0.917930595  0  0  1  A
1.610502401  0  0  2  A
1.610502972  0  0  4  A
1.610503082  0  0  5  A
1.630561610  0  0  6  A
1.630561700  0  0  0  A
1.681079600  0  0  1  A
1.922563328  0  0  2  A
1.922563568  0  0  4  A
1.922563588  0  0  5  A
1.960330657  0  0  6  A
1.960330717  0  0  0  A
1.977382330  0  0  1  A
2.323277577  0  0  2  A
2.323277677  0  0  4  A
2.323277778  0  0  5  A
2.371176874  0  0  6  A
2.371176934  0  0  0  A
2.399392058  0  0  1  A
2.709115241  0  0  2  A
2.709115451  0  0  4  A
2.709115532  0  0  5  A
2.738343764  0  0  6  A
2.738343844  0  0  0  A
2.780681223  0  0  1  A
2.972990231  0  0  2  A
2.972990401  0  0  4  A
2.972990441  0  0  5  A
3.002101303  0  0  6  A
3.002101403  0  0  0  A
3.013211974  0  0  1  A
3.228732660  0  0  2  A
3.228732801  0  0  4  A
3.228732861  0  0  5  A
3.278951006  0  0  6  A
3.278951076  0  0  0  A
3.306062511  0  0  1  A
3.547507796  0  0  2  A
3.547508047  0  0  4  A
3.547508127  0  0  5  A
3.586622163  0  0  6  A
3.586622243  0  0  0  A
3.617903333  0  0  1  A
3.857773050  0  0  2  A
3.857773170  0  0  4  A
3.857773210  0  0  5  A
3.883885583  0  0  6  A
3.883885683  0  0  0  A
3.927227174  0  0  1  A
4.027810321  0  0  2  A
4.027810391  0  0  4  A
4.027810431  0  0  5  A
4.056057716  0  0  6  A
4.056057826  0  0  0  A
0.000172725  2  2  0  C
0.014357307  2  2  1  C
0.035953862  2  2  2  C
0.035954043  2  2  4  C
0.080154942  2  2  5  C
0.124404784  2  2  6  C
0.124404884  2  2  0  C
0.170619086  2  2  1  C
0.323607399  2  2  2  C
0.323607559  2  2  4  C
0.370826183  2  2  5  C
0.405043795  2  2  6  C
0.405043906  2  2  0  C
0.452100535  2  2  1  C
1.256091812  2  2  2  C
1.256091952  2  2  4  C
1.256092193  2  2  5  C
1.279158938  2  2  6  C
1.279159008  2  2  0  C
1.312437100  2  2  1  C
1.610502531  2  2  2  C
1.610502781  2  2  4  C
1.644739700  2  2  5  C
1.655852024  2  2  6  C
1.655852094  2  2  0  C
1.693269955  2  2  1  C
1.922563338  2  2  2  C
1.922563448  2  2  4  C
1.996497912  2  2  5  C
2.027612298  2  2  6  C
2.027612378  2  2  0  C
2.071897466  2  2  1  C
2.323277617  2  2  2  C
2.323277908  2  2  4  C
2.386284405  2  2  5  C
2.401506842  2  2  6  C
2.401506932  2  2  0  C
2.423617827  2  2  1  C
2.972990281  2  2  2  C
2.972990572  2  2  4  C
3.038889628  2  2  5  C
3.052001159  2  2  6  C
3.052001249  2  2  0  C
3.070113981  2  2  1  C
3.547507856  2  2  2  C
3.547508057  2  2  4  C
3.605848253  2  2  5  C
3.638015111  2  2  6  C
3.638015202  2  2  0  C
3.655104336  2  2  1  C
3.857773000  2  2  2  C
3.857773110  2  2  4  C
3.883885814  2  2  5  C
3.911116974  2  2  6  C
3.911117064  2  2  0  C
3.944313312  2  2  1  C
4.027810391  2  2  2  C
4.027810471  2  2  4  C
4.056058126  2  2  5  C
4.102254515  2  2  6  C
4.102254585  2  2  0  C
0.000094938  12  12  0  M
0.038331492  12  12  1  M
0.323607439  12  12  2  M
0.323607699  12  12  4  M
0.750400067  12  12  5  M
0.791573974  12  12  6  M
0.791574024  12  12  0  M
0.804702166  12  12  1  M
0.838816684  12  12  2  M
0.838817004  12  12  4  M
1.178635333  12  12  5  M
1.216749155  12  12  6  M
1.216749225  12  12  0  M
1.252976583  12  12  1  M
1.256091842  12  12  2  M
1.256092052  12  12  4  M
1.538908286  12  12  5  M
1.564108750  12  12  6  M
1.564108841  12  12  0  M
1.589441164  12  12  1  M
1.610502441  12  12  2  M
1.610502771  12  12  4  M
1.882222230  12  12  5  M
1.904333004  12  12  6  M
1.904333074  12  12  0  M
1.925675290  12  12  1  M
2.323277617  12  12  2  M
2.323277908  12  12  4  M
2.658789042  12  12  5  M
2.669898481  12  12  6  M
2.669898531  12  12  0  M
2.711227821  12  12  1  M
2.972990261  12  12  2  M
2.972990351  12  12  4  M
3.175114260  12  12  5  M
3.202393210  12  12  6  M
3.202393260  12  12  0  M
3.218619268  12  12  1  M
3.228732580  12  12  2  M
3.228732791  12  12  4  M
3.491174511  12  12  5  M
3.531396955  12  12  6  M
3.531397045  12  12  0  M
3.547508558  12  12  1  M
3.857773030  12  12  2  M
3.857773090  12  12  4  M
3.954441042  12  12  5  M
3.998697185  12  12  6  M
3.998697275  12  12  0  M
4.043924598  12  12  1  M
4.167471206  12  12  2  M
4.167471256  12  12  4  M
4.167471286  12  12  5  M
4.211123993  12  12  6  M
4.211124103  12  12  0  M
0.000126297  11  11  0  L
0.013298502  11  11  1  L
0.035953842  11  11  2  L
0.035953993  11  11  4  L
0.264286936  11  11  5  L
0.276394114  11  11  6  L
0.276394184  11  11  0  L
0.292502070  11  11  1  L
0.323607579  11  11  2  L
0.323607930  11  11  4  L
0.704182428  11  11  5  L
0.750399706  11  11  6  L
0.750399806  11  11  0  L
0.786511797  11  11  1  L
0.838816734  11  11  2  L
0.838817114  11  11  4  L
1.156344159  11  11  5  L
1.178635092  11  11  6  L
1.178635173  11  11  0  L
1.220860691  11  11  1  L
1.256091902  11  11  2  L
1.256092193  11  11  4  L
1.522797184  11  11  5  L
1.538907975  11  11  6  L
1.538908035  11  11  0  L
1.557220364  11  11  1  L
1.610502431  11  11  2  L
1.610503032  11  11  4  L
1.833065975  11  11  5  L
1.882221929  11  11  6  L
1.882221989  11  11  0  L
1.918447113  11  11  1  L
1.922563268  11  11  2  L
1.922563448  11  11  4  L
2.258036841  11  11  5  L
2.307218674  11  11  6  L
2.307218734  11  11  0  L
2.325389285  11  11  1  L
2.709115211  11  11  2  L
2.709115411  11  11  4  L
2.919539125  11  11  5  L
2.936645592  11  11  6  L
2.936645632  11  11  0  L
2.967755700  11  11  1  L
2.972990261  11  11  2  L
2.972990351  11  11  4  L
3.164020741  11  11  5  L
3.175113929  11  11  6  L
3.175114009  11  11  0  L
3.210503358  11  11  1  L
3.228732640  11  11  2  L
3.228732771  11  11  4  L
3.476067240  11  11  5  L
3.491174210  11  11  6  L
3.491174280  11  11  0  L
3.509282474  11  11  1  L
3.547507846  11  11  2  L
3.547508006  11  11  4  L
3.774421636  11  11  5  L
3.824516639  11  11  6  L
3.824516699  11  11  0  L
3.835624535  11  11  1  L
3.857773010  11  11  2  L
3.857773110  11  11  4  L
3.911117164  11  11  5  L
3.954440761  11  11  6  L
3.954440841  11  11  0  L
3.993542725  11  11  1  L
4.027810441  11  11  2  L
4.027810541  11  11  4  L
4.102254766  11  11  5  L
4.145355512  11  11  6  L
4.145355603  11  11  0  L
4.184590447  11  11  1  L
4.256260825  11  11  2  L
4.256260905  11  11  4  L
4.256260945  11  11  5  L
4.266319645  11  11  6  L
4.266319725  11  11  0  L
0.000073167  13  13  0  N
0.023587355  13  13  1  N
0.035953903  13  13  2  N
0.035954093  13  13  4  N
0.276394465  13  13  5  N
0.323607278  13  13  6  N
0.323607339  13  13  0  N
0.335715359  13  13  1  N
0.838816694  13  13  2  N
0.838817104  13  13  4  N
1.216749355  13  13  5  N
1.256091652  13  13  6  N
1.256091732  13  13  0  N
1.288216732  13  13  1  N
1.610502471  13  13  2  N
1.610502661  13  13  4  N
1.904333284  13  13  5  N
1.922563137  13  13  6  N
1.922563197  13  13  0  N
1.936223742  13  13  1  N
2.323277677  13  13  2  N
2.323277958  13  13  4  N
2.669898812  13  13  5  N
2.709114860  13  13  6  N
2.709114930  13  13  0  N
2.749454275  13  13  1  N
2.972990281  13  13  2  N
2.972990391  13  13  4  N
3.202393410  13  13  5  N
3.228732360  13  13  6  N
3.228732420  13  13  0  N
3.267529810  13  13  1  N
3.547507796  13  13  2  N
3.547507866  13  13  4  N
3.824516889  13  13  5  N
3.857772830  13  13  6  N
3.857772920  13  13  0  N
3.886996283  13  13  1  N
4.027810391  13  13  2  N
4.027810441  13  13  4  N
4.145355773  13  13  5  N
4.167471036  13  13  6  N
4.167471116  13  13  0  N
4.196964418  13  13  1  N
4.266319785  13  13  2  N
4.266319835  13  13  4  N
4.266319875  13  13  5  N
4.307602297  13  13  6  N
4.307602447  13  13  0  N
0.000044403  14  14  0  O
0.049921055  14  14  1  O
0.323607599  14  14  2  O
0.323607809  14  14  4  O
0.791574174  14  14  5  O
0.838816413  14  14  6  O
0.838816463  14  14  0  O
0.850927339  14  14  1  O
1.256091832  14  14  2  O
1.256092213  14  14  4  O
1.564108981  14  14  5  O
1.610502250  14  14  6  O
1.610502321  14  14  0  O
1.643675134  14  14  1  O
1.922563378  14  14  2  O
1.922563778  14  14  4  O
2.307219005  14  14  5  O
2.323277457  14  14  6  O
2.323277507  14  14  0  O
2.353061837  14  14  1  O
2.709115181  14  14  2  O
2.709115431  14  14  4  O
2.936645772  14  14  5  O
2.972990071  14  14  6  O
2.972990131  14  14  0  O
3.015774091  14  14  1  O
3.228732721  14  14  2  O
3.228732981  14  14  4  O
3.531397256  14  14  5  O
3.547507465  14  14  6  O
3.547507516  14  14  0  O
3.589404615  14  14  1  O
3.857773210  14  14  2  O
3.857773311  14  14  4  O
3.998697405  14  14  5  O
4.027810160  14  14  6  O
4.027810221  14  14  0  O
4.070192865  14  14  1  O
4.167471206  14  14  2  O
4.167471266  14  14  4  O
4.211124203  14  14  5  O
4.256260585  14  14  6  O
4.256260665  14  14  0  O
4.303500299  14  14  1  O
4.307602547  14  14  2  O
4.307602597  14  14  4  O
4.307602677  14  14  5  O
4.344749077  14  14  6  O
4.344749207  14  14  0  O
4.365885285  14  14  1  O
4.365885365  14  14  2  O
4.365885415  14  14  4  O
4.365885455  14  14  5  O
4.386033051  14  14  6  O
4.386033191  14  14  0  O
4.429245889  14  14  1  O
4.429246029  14  14  2  O
4.429246090  14  14  4  O
4.429246130  14  14  5  O
4.472414223  14  14  6  O
4.472414364  14  14  0  O
-1 15 15 7 LOCAL_SECTION;ENTRY_PROTOCOL_1;ENTRY_PROTOCOL_2;ENTRY_PROTOCOL_3;ENTRY_PROTOCOL_4;CRITICAL_SECTION;EXIT_PROTOCOL;EXTRA_LABEL;