 0.000522565  4  4  0  R
 0.021877004  4  4  1  R
 0.067717292  4  4  2  R
 0.112947119  4  4  3  R
 0.112955736  4  4  0  R
 0.154094546  4  4  1  R
 0.212111704  4  4  2  R
 0.241750951  4  4  3  R
 0.241776369  4  4  0  R
 0.277484178  4  4  1  R
 0.291610681  4  4  2  R
 0.309828071  4  4  3  R
 0.309869418  4  4  0  R
 0.355329039  4  4  1  R
 0.387968208  4  4  2  R
 0.427496865  4  4  3  R
 0.427525228  4  4  0  R
 0.446202003  4  4  1  R
 0.479330403  4  4  2  R
 0.524985352  4  4  3  R
 0.525096942  4  4  0  R
 0.573298438  4  4  1  R
 0.630584368  4  4  2  R
 0.648178764  4  4  3  R
 0.648189214  4  4  0  R
 0.665874972  4  4  1  R
 0.695806369  4  4  2  R
 0.710781481  4  4  3  R
 0.710827748  4  4  0  R
 0.757412628  4  4  1  R
 0.772602925  4  4  2  R
 0.814061799  4  4  3  R
 0.814102866  4  4  0  R
 0.831732518  4  4  1  R
 0.849360638  4  4  2  R
 0.862957683  4  4  3  R
 0.863143673  4  4  0  R
 0.903652788  4  4  1  R
 0.931106668  4  4  2  R
 0.976356874  4  4  3  R
 0.976379537  4  4  0  R
 1.021369152  4  4  1  R
 1.076563121  4  4  2  R
 1.092948489  4  4  3  R
 1.092994556  4  4  0  R
 1.142145340  4  4  1  R
 1.161489372  4  4  2  R
 1.176858646  4  4  3  R
 1.176878985  4  4  0  R
 0.000557170  8  8  0  R
 0.035819510  8  8  1  R
 0.067824704  8  8  2  R
 0.082362231  8  8  3  R
 0.082385385  8  8  0  R
 0.129526663  8  8  1  R
 0.212008640  8  8  2  R
 0.258733504  8  8  3  R
 0.258737231  8  8  0  R
 0.293338406  8  8  1  R
 0.387827713  8  8  2  R
 0.434643458  8  8  3  R
 0.434645582  8  8  0  R
 0.473304421  8  8  1  R
 0.479424390  8  8  2  R
 0.505417659  8  8  3  R
 0.505457524  8  8  0  R
 0.537031476  8  8  1  R
 0.565408184  8  8  2  R
 0.592725166  8  8  3  R
 0.592766564  8  8  0  R
 0.621246958  8  8  1  R
 0.630699345  8  8  2  R
 0.666145251  8  8  3  R
 0.666161582  8  8  0  R
 0.684834520  8  8  1  R
 0.695941293  8  8  2  R
 0.718113754  8  8  3  R
 0.718152727  8  8  0  R
 0.742337499  8  8  1  R
 0.772519798  8  8  2  R
 0.799044658  8  8  3  R
 0.799086437  8  8  0  R
 0.821404371  8  8  1  R
 0.849277291  8  8  2  R
 0.877235511  8  8  3  R
 0.877260147  8  8  0  R
 0.926389161  8  8  1  R
 0.931224901  8  8  2  R
 0.968573050  8  8  3  R
 0.968598057  8  8  0  R
 0.987384088  8  8  1  R
 1.012108937  8  8  2  R
 1.034944176  8  8  3  R
 1.034971587  8  8  0  R
 1.056552173  8  8  1  R
 1.076574282  8  8  2  R
 1.113696606  8  8  3  R
 1.113735981  8  8  0  R
 1.163599488  8  8  1  R
 1.250377407  8  8  2  R
 1.272801622  8  8  3  R
 1.272843070  8  8  0  R
 0.000495403  1  1  0  R
 0.025109323  1  1  1  R
 0.067765112  1  1  2  R
 0.102599035  1  1  3  R
 0.102639000  1  1  0  R
 0.149968293  1  1  1  R
 0.212065457  1  1  2  R
 0.231451568  1  1  3  R
 0.231475143  1  1  0  R
 0.251427230  1  1  1  R
 0.291486968  1  1  2  R
 0.306048580  1  1  3  R
 0.306084057  1  1  0  R
 0.351910970  1  1  1  R
 0.387956055  1  1  2  R
 0.421710464  1  1  3  R
 0.421755689  1  1  0  R
 0.441287675  1  1  1  R
 0.479298293  1  1  2  R
 0.527443172  1  1  3  R
 0.527445978  1  1  0  R
 0.561509039  1  1  1  R
 0.565507872  1  1  2  R
 0.597435750  1  1  3  R
 0.597474403  1  1  0  R
 0.610585994  1  1  1  R
 0.630612111  1  1  2  R
 0.651552991  1  1  3  R
 0.651578148  1  1  0  R
 0.668332932  1  1  1  R
 0.695841095  1  1  2  R
 0.718762336  1  1  3  R
 0.718774338  1  1  0  R
 0.742087648  1  1  1  R
 0.772493870  1  1  2  R
 0.817438220  1  1  3  R
 0.817441105  1  1  0  R
 0.863049947  1  1  1  R
 0.930939603  1  1  2  R
 0.975207198  1  1  3  R
 0.975222467  1  1  0  R
 0.998621749  1  1  1  R
 1.012225857  1  1  2  R
 1.053319583  1  1  3  R
 1.053352214  1  1  0  R
 1.078272802  1  1  1  R
 1.161362784  1  1  2  R
 1.182754874  1  1  3  R
 1.182940053  1  1  0  R
 1.208206292  1  1  1  R
 1.250568858  1  1  2  R
 1.275514453  1  1  3  R
 1.275535522  1  1  0  R
 1.313989054  1  1  1  R
 1.319718488  1  1  2  R
 1.357350262  1  1  3  R
 1.357353137  1  1  0  R
 1.379379522  1  1  1  R
 1.399420868  1  1  2  R
 1.438551235  1  1  3  R
 1.438576633  1  1  0  R
 0.000486106  0  0  0  R
 0.017190074  0  0  1  R
 0.067698436  0  0  2  R
 0.105993820  0  0  3  R
 0.106021603  0  0  0  R
 0.122332881  0  0  1  R
 0.128906736  0  0  2  R
 0.161644520  0  0  3  R
 0.161673234  0  0  0  R
 0.208876339  0  0  1  R
 0.212266816  0  0  2  R
 0.242072787  0  0  3  R
 0.242281290  0  0  0  R
 0.282367588  0  0  1  R
 0.291642100  0  0  2  R
 0.323756089  0  0  3  R
 0.323783912  0  0  0  R
 0.357311364  0  0  1  R
 0.387995389  0  0  2  R
 0.410029819  0  0  3  R
 0.410057321  0  0  0  R
 0.451376031  0  0  1  R
 0.479362895  0  0  2  R
 0.524147694  0  0  3  R
 0.524175176  0  0  0  R
 0.570799240  0  0  1  R
 0.630572135  0  0  2  R
 0.653634783  0  0  3  R
 0.653660872  0  0  0  R
 0.681681099  0  0  1  R
 0.695906318  0  0  2  R
 0.737737753  0  0  3  R
 0.737775945  0  0  0  R
 0.758377987  0  0  1  R
 0.772613335  0  0  2  R
 0.792673776  0  0  3  R
 0.792714393  0  0  0  R
 0.828272811  0  0  1  R
 0.849327014  0  0  2  R
 0.870205848  0  0  3  R
 0.870247146  0  0  0  R
 0.919281591  0  0  1  R
 0.931174345  0  0  2  R
 0.979104080  0  0  3  R
 0.979116623  0  0  0  R
 1.002862097  0  0  1  R
 1.012258949  0  0  2  R
 1.042597844  0  0  3  R
 1.042616199  0  0  0  R
 1.064708969  0  0  1  R
 1.076636389  0  0  2  R
 1.118681968  0  0  3  R
 1.118702367  0  0  0  R
 1.143313261  0  0  1  R
 1.161525100  0  0  2  R
 1.174283124  0  0  3  R
 1.174310115  0  0  0  R
 1.213189610  0  0  1  R
 1.250600958  0  0  2  R
 1.261324430  0  0  3  R
 1.261344548  0  0  0  R
 1.303481790  0  0  1  R
 1.319669035  0  0  2  R
 1.339478193  0  0  3  R
 1.339513980  0  0  0  R
 1.362893094  0  0  1  R
 1.399383598  0  0  2  R
 1.421497728  0  0  3  R
 1.421520922  0  0  0  R
 1.460526394  0  0  1  R
 1.487425438  0  0  2  R
 1.501481759  0  0  3  R
 1.501505113  0  0  0  R
 0.000547692  7  7  0  R
 0.024335295  7  7  1  R
 0.067743170  7  7  2  R
 0.108992690  7  7  3  R
 0.109017316  7  7  0  R
 0.143692721  7  7  1  R
 0.212029619  7  7  2  R
 0.229326244  7  7  3  R
 0.229349739  7  7  0  R
 0.270830704  7  7  1  R
 0.291554786  7  7  2  R
 0.329277922  7  7  3  R
 0.329306245  7  7  0  R
 0.347509568  7  7  1  R
 0.387893827  7  7  2  R
 0.428496388  7  7  3  R
 0.428523770  7  7  0  R
 0.441882796  7  7  1  R
 0.479311307  7  7  2  R
 0.517491024  7  7  3  R
 0.517530428  7  7  0  R
 0.541366532  7  7  1  R
 0.565448270  7  7  2  R
 0.599394120  7  7  3  R
 0.599419908  7  7  0  R
 0.645480451  7  7  1  R
 0.695734935  7  7  2  R
 0.706411909  7  7  3  R
 0.706451533  7  7  0  R
 0.750900069  7  7  1  R
 0.772563471  7  7  2  R
 0.799519012  7  7  3  R
 0.799559759  7  7  0  R
 0.810117789  7  7  1  R
 0.849218159  7  7  2  R
 0.862935832  7  7  3  R
 0.863141630  7  7  0  R
 0.892217936  7  7  1  R
 0.931079226  7  7  2  R
 0.960945090  7  7  3  R
 0.960969115  7  7  0  R
 0.995945467  7  7  1  R
 1.012198726  7  7  2  R
 1.025090563  7  7  3  R
 1.025118245  7  7  0  R
 1.073706089  7  7  1  R
 1.076679290  7  7  2  R
 1.099855301  7  7  3  R
 1.099896128  7  7  0  R
 1.116641093  7  7  1  R
 1.161431523  7  7  2  R
 1.186278422  7  7  3  R
 1.186303990  7  7  0  R
 1.232404348  7  7  1  R
 1.250716807  7  7  2  R
 1.289479261  7  7  3  R
 1.289507975  7  7  0  R
 1.323396337  7  7  1  R
 1.399298728  7  7  2  R
 1.415687292  7  7  3  R
 1.415714984  7  7  0  R
 1.442868288  7  7  1  R
 1.487362981  7  7  2  R
 1.532127141  7  7  3  R
 1.532150616  7  7  0  R
 0.000505613  2  2  0  R
 0.011586087  2  2  1  R
 0.011611465  2  2  2  R
 0.024354812  2  2  3  R
 0.024376543  2  2  0  R
 0.052909435  2  2  1  R
 0.067868046  2  2  2  R
 0.091914326  2  2  3  R
 0.091947378  2  2  0  R
 0.115398207  2  2  1  R
 0.128893931  2  2  2  R
 0.170459506  2  2  3  R
 0.170485776  2  2  0  R
 0.201428799  2  2  1  R
 0.212222473  2  2  2  R
 0.252131367  2  2  3  R
 0.252172244  2  2  0  R
 0.284093600  2  2  1  R
 0.291684410  2  2  2  R
 0.330405797  2  2  3  R
 0.330581207  2  2  0  R
 0.380058056  2  2  1  R
 0.388057656  2  2  2  R
 0.404156304  2  2  3  R
 0.404189126  2  2  0  R
 0.421487724  2  2  1  R
 0.479270521  2  2  2  R
 0.506480271  2  2  3  R
 0.506517280  2  2  0  R
 0.554236037  2  2  1  R
 0.565486041  2  2  2  R
 0.588423823  2  2  3  R
 0.588466133  2  2  0  R
 0.621058393  2  2  1  R
 0.630675941  2  2  2  R
 0.670394045  2  2  3  R
 0.670405056  2  2  0  R
 0.695556859  2  2  1  R
 0.695964347  2  2  2  R
 0.741839520  2  2  3  R
 0.741846834  2  2  0  R
 0.764860750  2  2  1  R
 0.772629625  2  2  2  R
 0.817237612  2  2  3  R
 0.817263781  2  2  0  R
 0.844816698  2  2  1  R
 0.849427153  2  2  2  R
 0.898895826  2  2  3  R
 0.898903401  2  2  0  R
 0.945611724  2  2  1  R
 1.012042832  2  2  2  R
 1.033219707  2  2  3  R
 1.033243061  2  2  0  R
 1.068647780  2  2  1  R
 1.076659342  2  2  2  R
 1.094574042  2  2  3  R
 1.094608436  2  2  0  R
 1.105877686  2  2  1  R
 1.161407699  2  2  2  R
 1.203993706  2  2  3  R
 1.203996541  2  2  0  R
 1.224169895  2  2  1  R
 1.250684726  2  2  2  R
 1.293263941  2  2  3  R
 1.293304577  2  2  0  R
 1.337461664  2  2  1  R
 1.399356918  2  2  2  R
 1.411871053  2  2  3  R
 1.411911940  2  2  0  R
 1.456874684  2  2  1  R
 1.487412464  2  2  2  R
 1.529029676  2  2  3  R
 1.529053130  2  2  0  R
 1.541359955  2  2  1  R
 1.567175759  2  2  2  R
 1.595147364  2  2  3  R
 1.595184254  2  2  0  R
 0.000531201  5  5  0  R
 0.028417045  5  5  1  R
 0.067800108  5  5  2  R
 0.078649988  5  5  3  R
 0.078677299  5  5  0  R
 0.092757204  5  5  1  R
 0.128880506  5  5  2  R
 0.147503890  5  5  3  R
 0.147529569  5  5  0  R
 0.177345428  5  5  1  R
 0.212146610  5  5  2  R
 0.228357319  5  5  3  R
 0.228385642  5  5  0  R
 0.263729035  5  5  1  R
 0.291520992  5  5  2  R
 0.337708704  5  5  3  R
 0.337715127  5  5  0  R
 0.350808814  5  5  1  R
 0.387938592  5  5  2  R
 0.410225488  5  5  3  R
 0.410252609  5  5  0  R
 0.456577550  5  5  1  R
 0.479376270  5  5  2  R
 0.502539487  5  5  3  R
 0.502580404  5  5  0  R
 0.527012070  5  5  1  R
 0.565350495  5  5  2  R
 0.604303027  5  5  3  R
 0.604307055  5  5  0  R
 0.654111972  5  5  1  R
 0.695771924  5  5  2  R
 0.720117829  5  5  3  R
 0.720299511  5  5  0  R
 0.752910737  5  5  1  R
 0.772586534  5  5  2  R
 0.789124680  5  5  3  R
 0.789145319  5  5  0  R
 0.825483436  5  5  1  R
 0.849312407  5  5  2  R
 0.875682034  5  5  3  R
 0.875702493  5  5  0  R
 0.890472297  5  5  1  R
 0.931039692  5  5  2  R
 0.941526157  5  5  3  R
 0.941554070  5  5  0  R
 0.987051932  5  5  1  R
 1.012090512  5  5  2  R
 1.040976921  5  5  3  R
 1.041001527  5  5  0  R
 1.076932096  5  5  1  R
 1.161167526  5  5  2  R
 1.171300596  5  5  3  R
 1.171318059  5  5  0  R
 1.219504306  5  5  1  R
 1.250614865  5  5  2  R
 1.260827093  5  5  3  R
 1.260854154  5  5  0  R
 1.278346448  5  5  1  R
 1.319519112  5  5  2  R
 1.345991253  5  5  3  R
 1.346018173  5  5  0  R
 1.374210414  5  5  1  R
 1.399393727  5  5  2  R
 1.439089219  5  5  3  R
 1.439120698  5  5  0  R
 1.481397342  5  5  1  R
 1.487500911  5  5  2  R
 1.507589565  5  5  3  R
 1.507613551  5  5  0  R
 1.528406672  5  5  1  R
 1.567160530  5  5  2  R
 1.605378739  5  5  3  R
 1.605401532  5  5  0  R
 0.000513868  3  3  0  R
 0.013951483  3  3  1  R
 0.013979095  3  3  2  R
 0.051675781  3  3  3  R
 0.051679037  3  3  0  R
 0.089953212  3  3  1  R
 0.128858374  3  3  2  R
 0.142333260  3  3  3  R
 0.142360341  3  3  0  R
 0.186854993  3  3  1  R
 0.212189300  3  3  2  R
 0.252915574  3  3  3  R
 0.252949277  3  3  0  R
 0.274074385  3  3  1  R
 0.291578190  3  3  2  R
 0.336303908  3  3  3  R
 0.336341689  3  3  0  R
 0.372239857  3  3  1  R
 0.388023772  3  3  2  R
 0.411859927  3  3  3  R
 0.411884433  3  3  0  R
 0.440388812  3  3  1  R
 0.479283104  3  3  2  R
 0.520719776  3  3  3  R
 0.520758179  3  3  0  R
 0.535923979  3  3  1  R
 0.565381404  3  3  2  R
 0.589068036  3  3  3  R
 0.589104826  3  3  0  R
 0.613401298  3  3  1  R
 0.630635234  3  3  2  R
 0.666455295  3  3  3  R
 0.666482837  3  3  0  R
 0.677271842  3  3  1  R
 0.695872935  3  3  2  R
 0.710823880  3  3  3  R
 0.710839650  3  3  0  R
 0.750900019  3  3  1  R
 0.772531460  3  3  2  R
 0.793379786  3  3  3  R
 0.793415003  3  3  0  R
 0.833316993  3  3  1  R
 0.849379824  3  3  2  R
 0.873564495  3  3  3  R
 0.873694530  3  3  0  R
 0.917874781  3  3  1  R
 0.931159718  3  3  2  R
 0.959031114  3  3  3  R
 0.959056773  3  3  0  R
 0.973258738  3  3  1  R
 1.012067188  3  3  2  R
 1.038928612  3  3  3  R
 1.038949622  3  3  0  R
 1.057097961  3  3  1  R
 1.076586595  3  3  2  R
 1.119832335  3  3  3  R
 1.119835181  3  3  0  R
 1.165537759  3  3  1  R
 1.250404468  3  3  2  R
 1.279098875  3  3  3  R
 1.279109926  3  3  0  R
 1.329017526  3  3  1  R
 1.399312604  3  3  2  R
 1.439318130  3  3  3  R
 1.439322177  3  3  0  R
 1.456120433  3  3  1  R
 1.487395963  3  3  2  R
 1.516806269  3  3  3  R
 1.516833660  3  3  0  R
 1.561060008  3  3  1  R
 1.567211386  3  3  2  R
 1.613966698  3  3  3  R
 1.613970385  3  3  0  R
 1.629873103  3  3  1  R
 1.668816468  3  3  2  R
 1.698818138  3  3  3  R
 1.698859175  3  3  0  R
 1.729923116  3  3  1  R
 1.749546424  3  3  2  R
 1.796013162  3  3  3  R
 1.796020025  3  3  0  R
 0.000566858  9  9  0  R
 0.025354615  9  9  1  R
 0.067775652  9  9  2  R
 0.107749959  9  9  3  R
 0.107773703  9  9  0  R
 0.125051262  9  9  1  R
 0.128920822  9  9  2  R
 0.154396565  9  9  3  R
 0.154454955  9  9  0  R
 0.185662597  9  9  1  R
 0.212168311  9  9  2  R
 0.257404911  9  9  3  R
 0.257435880  9  9  0  R
 0.302692889  9  9  1  R
 0.387862238  9  9  2  R
 0.414482788  9  9  3  R
 0.414507645  9  9  0  R
 0.446860374  9  9  1  R
 0.479345762  9  9  2  R
 0.511620384  9  9  3  R
 0.511662664  9  9  0  R
 0.540545205  9  9  1  R
 0.565423212  9  9  2  R
 0.577351594  9  9  3  R
 0.577380058  9  9  0  R
 0.601095214  9  9  1  R
 0.630596151  9  9  2  R
 0.673973839  9  9  3  R
 0.673977155  9  9  0  R
 0.718653110  9  9  1  R
 0.772468492  9  9  2  R
 0.792036997  9  9  3  R
 0.792076341  9  9  0  R
 0.815701458  9  9  1  R
 0.849255149  9  9  2  R
 0.879610746  9  9  3  R
 0.879622928  9  9  0  R
 0.917156968  9  9  1  R
 0.931124752  9  9  2  R
 0.958911379  9  9  3  R
 0.958949320  9  9  0  R
 0.995379220  9  9  1  R
 1.012169461  9  9  2  R
 1.057012620  9  9  3  R
 1.057016327  9  9  0  R
 1.077219959  9  9  1  R
 1.161268346  9  9  2  R
 1.175913265  9  9  3  R
 1.175937311  9  9  0  R
 1.221398865  9  9  1  R
 1.250656673  9  9  2  R
 1.276542800  9  9  3  R
 1.276562908  9  9  0  R
 1.290182946  9  9  1  R
 1.319627947  9  9  2  R
 1.351619426  9  9  3  R
 1.351645144  9  9  0  R
 1.397267331  9  9  1  R
 1.399449883  9  9  2  R
 1.432333462  9  9  3  R
 1.432357266  9  9  0  R
 1.461234017  9  9  1  R
 1.487458040  9  9  2  R
 1.512817554  9  9  3  R
 1.513000529  9  9  0  R
 1.526350288  9  9  1  R
 1.567141264  9  9  2  R
 1.610208848  9  9  3  R
 1.610232232  9  9  0  R
 1.638600415  9  9  1  R
 1.668834422  9  9  2  R
 1.711108752  9  9  3  R
 1.711114072  9  9  0  R
 1.753898764  9  9  1  R
 1.809596191  9  9  2  R
 1.845187060  9  9  3  R
 1.845214562  9  9  0  R
 1.873795565  9  9  1  R
 1.884570694  9  9  2  R
 1.907202139  9  9  3  R
 1.907207660  9  9  0  R
 1.937271046  9  9  1  R
 1.982146045  9  9  2  R
 2.006651671  9  9  3  R
 2.006660257  9  9  0  R
 2.025514256  9  9  1  R
 2.055941367  9  9  2  R
 2.102042586  9  9  3  R
 2.102046253  9  9  0  R
 2.114227652  9  9  1  R
 2.142160274  9  9  2  R
 2.164840240  9  9  3  R
 2.164872280  9  9  0  R
 0.000538725  6  6  0  R
 0.044203104  6  6  1  R
 0.067835965  6  6  2  R
 0.088336636  6  6  3  R
 0.088377784  6  6  0  R
 0.125608041  6  6  1  R
 0.128944547  6  6  2  R
 0.178081465  6  6  3  R
 0.178088208  6  6  0  R
 0.220639409  6  6  1  R
 0.291463564  6  6  2  R
 0.310535864  6  6  3  R
 0.310577412  6  6  0  R
 0.349676611  6  6  1  R
 0.387924856  6  6  2  R
 0.432797701  6  6  3  R
 0.432827006  6  6  0  R
 0.466030017  6  6  1  R
 0.479400846  6  6  2  R
 0.512712181  6  6  3  R
 0.512753519  6  6  0  R
 0.552499516  6  6  1  R
 0.565472976  6  6  2  R
 0.580411959  6  6  3  R
 0.580434782  6  6  0  R
 0.616289669  6  6  1  R
 0.630649321  6  6  2  R
 0.669020057  6  6  3  R
 0.669033973  6  6  0  R
 0.697650553  6  6  1  R
 0.772445539  6  6  2  R
 0.785549335  6  6  3  R
 0.785577548  6  6  0  R
 0.810095437  6  6  1  R
 0.849183384  6  6  2  R
 0.873564495  6  6  3  R
 0.873774070  6  6  0  R
 0.920247100  6  6  1  R
 0.931203440  6  6  2  R
 0.966682499  6  6  3  R
 0.966711924  6  6  0  R
 0.989681196  6  6  1  R
 1.012140847  6  6  2  R
 1.031245508  6  6  3  R
 1.031269363  6  6  0  R
 1.061752740  6  6  1  R
 1.076611031  6  6  2  R
 1.116514485  6  6  3  R
 1.116552136  6  6  0  R
 1.134491682  6  6  1  R
 1.161463404  6  6  2  R
 1.192150174  6  6  3  R
 1.192179078  6  6  0  R
 1.204046726  6  6  1  R
 1.250494919  6  6  2  R
 1.297487938  6  6  3  R
 1.297494811  6  6  0  R
 1.330962019  6  6  1  R
 1.399341809  6  6  2  R
 1.417090696  6  6  3  R
 1.417116084  6  6  0  R
 1.447380138  6  6  1  R
 1.487381205  6  6  2  R
 1.534328308  6  6  3  R
 1.534331123  6  6  0  R
 1.581781064  6  6  1  R
 1.626319930  6  6  2  R
 1.646385110  6  6  3  R
 1.646391933  6  6  0  R
 1.677228906  6  6  1  R
 1.749512661  6  6  2  R
 1.767497011  6  6  3  R
 1.767536626  6  6  0  R
 1.804700849  6  6  1  R
 1.809636447  6  6  2  R
 1.845812599  6  6  3  R
 1.845815845  6  6  0  R
 1.885518971  6  6  1  R
 1.929250216  6  6  2  R
 1.968720142  6  6  3  R
 1.968728187  6  6  0  R
 2.018153760  6  6  1  R
 2.055907704  6  6  2  R
 2.086386272  6  6  3  R
 2.086428762  6  6  0  R
 2.098247727  6  6  1  R
 2.142110630  6  6  2  R
 2.173971693  6  6  3  R
 2.173975189  6  6  0  R
 0.000590312  12  12  0  W
 0.016158020  12  12  1  W
 0.051714484  12  12  2  W
 0.067652109  12  12  3  W
 0.067674261  12  12  0  W
 0.091454650  12  12  1  W
 0.434818949  12  12  2  W
 0.479235064  12  12  3  W
 0.479251956  12  12  0  W
 0.491276839  12  12  1  W
 0.817475570  12  12  2  W
 0.849120566  12  12  3  W
 0.849164769  12  12  0  W
 0.886148151  12  12  1  W
 1.204042427  12  12  2  W
 1.250145230  12  12  3  W
 1.250275535  12  12  0  W
 1.273225410  12  12  1  W
 1.614200999  12  12  2  W
 1.626245349  12  12  3  W
 1.626285064  12  12  0  W
 1.658319764  12  12  1  W
 1.864613257  12  12  2  W
 1.884327236  12  12  3  W
 1.884447142  12  12  0  W
 1.917103352  12  12  1  W
 2.102263262  12  12  2  W
 2.142043714  12  12  3  W
 2.142088148  12  12  0  W
 2.153819979  12  12  1  W
 2.304170562  12  12  2  W
 2.344025234  12  12  3  W
 2.344059138  12  12  0  W
 2.362468910  12  12  1  W
 2.457228696  12  12  2  W
 2.493584106  12  12  3  W
 2.493718860  12  12  0  W
 2.524820892  12  12  1  W
 2.615018294  12  12  2  W
 2.645592171  12  12  3  W
 2.645662794  12  12  0  W
 2.665821591  12  12  1  W
 2.768578894  12  12  2  W
 2.811092976  12  12  3  W
 2.811156005  12  12  0  W
 2.824171083  12  12  1  W
 2.925627656  12  12  2  W
 2.966467924  12  12  3  W
 2.966592599  12  12  0  W
 2.999326336  12  12  1  W
 3.087210780  12  12  2  W
 3.121860416  12  12  3  W
 3.122024645  12  12  0  W
 3.164182486  12  12  1  W
 3.253278703  12  12  2  W
 3.276500640  12  12  3  W
 3.276531218  12  12  0  W
 0.000575043  10  10  0  W
 0.018810166  10  10  1  W
 0.113211127  10  10  2  W
 0.128815484  10  10  3  W
 0.128842775  10  10  0  W
 0.151963572  10  10  1  W
 0.527488177  10  10  2  W
 0.565210902  10  10  3  W
 0.565321962  10  10  0  W
 0.608447144  10  10  1  W
 0.898961690  10  10  2  W
 0.930826590  10  10  3  W
 0.930839485  10  10  0  W
 0.959666181  10  10  1  W
 1.297626138  10  10  2  W
 1.319386272  10  10  3  W
 1.319416629  10  10  0  W
 1.349660265  10  10  1  W
 1.646441386  10  10  2  W
 1.668771985  10  10  3  W
 1.668792934  10  10  0  W
 1.700856328  10  10  1  W
 1.907415321  10  10  2  W
 1.929196745  10  10  3  W
 1.929212815  10  10  0  W
 1.939315838  10  10  1  W
 2.174022298  10  10  2  W
 2.202017367  10  10  3  W
 2.202061711  10  10  0  W
 2.221131346  10  10  1  W
 2.344077172  10  10  2  W
 2.366251977  10  10  3  W
 2.366380058  10  10  0  W
 2.379487601  10  10  1  W
 2.493825801  10  10  2  W
 2.512633192  10  10  3  W
 2.512769168  10  10  0  W
 2.530216026  10  10  1  W
 2.645705565  10  10  2  W
 2.671534013  10  10  3  W
 2.671573577  10  10  0  W
 2.704070939  10  10  1  W
 2.811183486  10  10  2  W
 2.834536922  10  10  3  W
 2.834683688  10  10  0  W
 2.855924082  10  10  1  W
 2.966696635  10  10  2  W
 2.995569599  10  10  3  W
 2.995696818  10  10  0  W
 3.021850809  10  10  1  W
 3.122157906  10  10  2  W
 3.165934727  10  10  3  W
 3.165957350  10  10  0  W
 3.190549879  10  10  1  W
 3.276557227  10  10  2  W
 3.293529891  10  10  3  W
 3.293550090  10  10  0  W
 3.333471006  10  10  1  W
 3.362609950  10  10  2  W
 3.378711564  10  10  3  W
 3.378751139  10  10  0  W
 0.000608146  14  14  0  W
 0.019342138  14  14  1  W
 0.178132331  14  14  2  W
 0.211931164  14  14  3  W
 0.211974055  14  14  0  W
 0.259416681  14  14  1  W
 0.604344646  14  14  2  W
 0.630523975  14  14  3  W
 0.630544463  14  14  0  W
 0.644184860  14  14  1  W
 0.979211893  14  14  2  W
 1.011982358  14  14  3  W
 1.012012676  14  14  0  W
 1.037974074  14  14  1  W
 1.357386260  14  14  2  W
 1.399045852  14  14  3  W
 1.399266778  14  14  0  W
 1.428249207  14  14  1  W
 1.711237344  14  14  2  W
 1.749262439  14  14  3  W
 1.749465572  14  14  0  W
 1.796247404  14  14  1  W
 1.968785055  14  14  2  W
 1.981938494  14  14  3  W
 1.982117772  14  14  0  W
 2.031920164  14  14  1  W
 2.202114621  14  14  2  W
 2.234574301  14  14  3  W
 2.234602624  14  14  0  W
 2.247009558  14  14  1  W
 2.366485436  14  14  2  W
 2.390947490  14  14  3  W
 2.391168677  14  14  0  W
 2.426425847  14  14  1  W
 2.512873104  14  14  2  W
 2.531313483  14  14  3  W
 2.531335254  14  14  0  W
 2.561362021  14  14  1  W
 2.671606980  14  14  2  W
 2.706022305  14  14  3  W
 2.706143673  14  14  0  W
 2.720493727  14  14  1  W
 2.834778607  14  14  2  W
 2.870629125  14  14  3  W
 2.870672958  14  14  0  W
 2.894364450  14  14  1  W
 2.995797187  14  14  2  W
 3.006150452  14  14  3  W
 3.006186870  14  14  0  W
 3.027445279  14  14  1  W
 3.166070944  14  14  2  W
 3.177489395  14  14  3  W
 3.177632614  14  14  0  W
 3.217006250  14  14  1  W
 3.293570688  14  14  2  W
 3.310586474  14  14  3  W
 3.310603657  14  14  0  W
 3.354355119  14  14  1  W
 3.414437988  14  14  2  W
 3.443492203  14  14  3  W
 3.443618812  14  14  0  W
 0.000582898  11  11  0  W
 0.041879216  11  11  1  W
 0.337814624  11  11  2  W
 0.387613830  11  11  3  W
 0.387726753  11  11  0  W
 0.429456607  11  11  1  W
 0.741961330  11  11  2  W
 0.772389984  11  11  3  W
 0.772420331  11  11  0  W
 0.787764408  11  11  1  W
 1.119942834  11  11  2  W
 1.161010941  11  11  3  W
 1.161144292  11  11  0  W
 1.197106802  11  11  1  W
 1.534441191  11  11  2  W
 1.567085499  11  11  3  W
 1.567108863  11  11  0  W
 1.583712562  11  11  1  W
 1.845922365  11  11  2  W
 1.864398382  11  11  3  W
 1.864525251  11  11  0  W
 1.888669166  11  11  1  W
 2.018236906  11  11  2  W
 2.055840697  11  11  3  W
 2.055878819  11  11  0  W
 2.088149824  11  11  1  W
 2.270624666  11  11  2  W
 2.304114687  11  11  3  W
 2.304149733  11  11  0  W
 2.336204791  11  11  1  W
 2.416491141  11  11  2  W
 2.457138957  11  11  3  W
 2.457183201  11  11  0  W
 2.475458168  11  11  1  W
 2.577500374  11  11  2  W
 2.614929386  11  11  3  W
 2.614973569  11  11  0  W
 2.636613547  11  11  1  W
 2.740858973  11  11  2  W
 2.768316851  11  11  3  W
 2.768541183  11  11  0  W
 2.790962853  11  11  1  W
 2.911922788  11  11  2  W
 2.925491159  11  11  3  W
 2.925516016  11  11  0  W
 2.941365023  11  11  1  W
 3.046861777  11  11  2  W
 3.087096445  11  11  3  W
 3.087150496  11  11  0  W
 3.136594493  11  11  1  W
 3.203198988  11  11  2  W
 3.253236303  11  11  3  W
 3.253261120  11  11  0  W
 3.264190720  11  11  1  W
 3.332951567  11  11  2  W
 3.362214385  11  11  3  W
 3.362577780  11  11  0  W
 3.402897417  11  11  1  W
 3.443735111  11  11  2  W
 3.473768801  11  11  3  W
 3.473886533  11  11  0  W
 3.495920662  11  11  1  W
 3.499554548  11  11  2  W
 3.548253922  11  11  3  W
 3.548279541  11  11  0  W
 0.000599169  13  13  0  W
 0.029548185  13  13  1  W
 0.258869010  13  13  2  W
 0.291384785  13  13  3  W
 0.291426183  13  13  0  W
 0.328780004  13  13  1  W
 0.673994779  13  13  2  W
 0.695676334  13  13  3  W
 0.695693907  13  13  0  W
 0.736855541  13  13  1  W
 1.057046214  13  13  2  W
 1.076511093  13  13  3  W
 1.076534597  13  13  0  W
 1.108894720  13  13  1  W
 1.439359428  13  13  2  W
 1.487320441  13  13  3  W
 1.487343374  13  13  0  W
 1.524592737  13  13  1  W
 1.796053829  13  13  2  W
 1.809228819  13  13  3  W
 1.809580271  13  13  0  W
 1.834285593  13  13  1  W
 2.006798878  13  13  2  W
 2.017991664  13  13  3  W
 2.018038062  13  13  0  W
 2.058935868  13  13  1  W
 2.234636468  13  13  2  W
 2.270560224  13  13  3  W
 2.270601061  13  13  0  W
 2.292248442  13  13  1  W
 2.391197601  13  13  2  W
 2.416435436  13  13  3  W
 2.416468298  13  13  0  W
 2.430788215  13  13  1  W
 2.531368417  13  13  2  W
 2.577427337  13  13  3  W
 2.577471380  13  13  0  W
 2.619193219  13  13  1  W
 2.706240556  13  13  2  W
 2.740706756  13  13  3  W
 2.740752683  13  13  0  W
 2.780947826  13  13  1  W
 2.870734153  13  13  2  W
 2.911704366  13  13  3  W
 2.911824583  13  13  0  W
 2.934495001  13  13  1  W
 3.006239369  13  13  2  W
 3.046785844  13  13  3  W
 3.046823575  13  13  0  W
 3.065143678  13  13  1  W
 3.177758832  13  13  2  W
 3.203088971  13  13  3  W
 3.203159704  13  13  0  W
 3.220393331  13  13  1  W
 3.310620418  13  13  2  W
 3.332899650  13  13  3  W
 3.332926290  13  13  0  W
 3.344818343  13  13  1  W
 3.378806884  13  13  2  W
 3.414380590  13  13  3  W
 3.414407230  13  13  0  W
 3.448523662  13  13  1  W
 3.473955613  13  13  2  W
 3.499334163  13  13  3  W
 3.499461192  13  13  0  W
 3.546472296  13  13  1  W
 3.548309347  13  13  2  W
 3.583325072  13  13  3  W
 3.583588999  13  13  0  W
 3.624460146  13  13  1  W
 3.624497076  13  13  2  W
 3.659265856  13  13  3  W
 3.659482524  13  13  0  W
 3.706512333  13  13  1  W
 3.706554562  13  13  2  W
 3.726079315  13  13  3  W
 3.726383778  13  13  0  W
 3.772769333  13  13  1  W
 3.772803658  13  13  2  W
 3.787512808  13  13  3  W
 3.787729386  13  13  0  W
 3.816074325  13  13  1  W
 3.816105804  13  13  2  W
 3.855829730  13  13  3  W
 3.855910562  13  13  0  W
 3.895344942  13  13  1  W
 3.895385608  13  13  2  W
 3.930833107  13  13  3  W
 3.930906947  13  13  0  W
 3.976884703  13  13  1  W
 3.976962700  13  13  2  W
 4.000209414  13  13  3  W
 4.000433967  13  13  0  W
-1  15  15  4 LOCAL_SECTION;START;READING_ROOM;STOP;EXTRA_LABEL;
