0.000145083  3  3  0  R
0.023559664  3  3  1  R
0.034677669  3  3  2  R
0.060176506  3  3  3  R
0.060178449  3  3  0  R
0.083641100  3  3  1  R
0.123164348  3  3  2  R
0.141802510  3  3  3  R
0.141804133  3  3  0  R
0.152218652  3  3  1  R
0.214549036  3  3  2  R
0.245983765  3  3  3  R
0.245985849  3  3  0  R
0.274977606  3  3  1  R
0.312802584  3  3  2  R
0.340447424  3  3  3  R
0.340448105  3  3  0  R
0.372604785  3  3  1  R
0.387941678  3  3  2  R
0.401246492  3  3  3  R
0.401247955  3  3  0  R
0.433033185  3  3  1  R
0.472336197  3  3  2  R
0.488814781  3  3  3  R
0.488818818  3  3  0  R
0.517919210  3  3  1  R
0.544660929  3  3  2  R
0.587703125  3  3  3  R
0.587703917  3  3  0  R
0.600065935  3  3  1  R
0.610308601  3  3  2  R
0.634285140  3  3  3  R
0.634286563  3  3  0  R
0.658397916  3  3  1  R
0.690896830  3  3  2  R
0.716364208  3  3  3  R
0.716364869  3  3  0  R
0.736037300  3  3  1  R
0.757690893  3  3  2  R
0.780544917  3  3  3  R
0.780545678  3  3  0  R
0.829692656  3  3  1  R
0.831800296  3  3  2  R
0.862600500  3  3  3  R
0.862601041  3  3  0  R
0.885024144  3  3  1  R
0.886121331  3  3  2  R
0.916494270  3  3  3  R
0.916495903  3  3  0  R
0.949364113  3  3  1  R
0.958764983  3  3  2  R
0.997389998  3  3  3  R
0.997390619  3  3  0  R
0.000096322  6  6  0  R
0.020431631  6  6  1  R
0.034674052  6  6  2  R
0.083656189  6  6  3  R
0.083656630  6  6  0  R
0.129444308  6  6  1  R
0.214547723  6  6  2  R
0.250205599  6  6  3  R
0.250206230  6  6  0  R
0.266745748  6  6  1  R
0.312801492  6  6  2  R
0.335214205  6  6  3  R
0.335214686  6  6  0  R
0.371549967  6  6  1  R
0.387941056  6  6  2  R
0.437562377  6  6  3  R
0.437562718  6  6  0  R
0.455065391  6  6  1  R
0.472341237  6  6  2  R
0.515747529  6  6  3  R
0.515748290  6  6  0  R
0.537501852  6  6  1  R
0.544662532  6  6  2  R
0.586641074  6  6  3  R
0.586642046  6  6  0  R
0.605175972  6  6  1  R
0.610309072  6  6  2  R
0.637424975  6  6  3  R
0.637425897  6  6  0  R
0.678279711  6  6  1  R
0.690902391  6  6  2  R
0.705494310  6  6  3  R
0.705495833  6  6  0  R
0.753573285  6  6  1  R
0.757693187  6  6  2  R
0.791813956  6  6  3  R
0.791814588  6  6  0  R
0.833924538  6  6  1  R
0.886115219  6  6  2  R
0.922723234  6  6  3  R
0.922724767  6  6  0  R
0.954517852  6  6  1  R
0.958765504  6  6  2  R
0.974539931  6  6  3  R
0.974542276  6  6  0  R
1.023161849  6  6  1  R
1.049485901  6  6  2  R
1.064751820  6  6  3  R
1.064756379  6  6  0  R
0.000080682  4  4  0  R
0.048065089  4  4  1  R
0.123148267  4  4  2  R
0.149022612  4  4  3  R
0.149023233  4  4  0  R
0.171696597  4  4  1  R
0.214553414  4  4  2  R
0.261598211  4  4  3  R
0.261598772  4  4  0  R
0.309674902  4  4  1  R
0.312805440  4  4  2  R
0.359225920  4  4  3  R
0.359226081  4  4  0  R
0.380816314  4  4  1  R
0.387951967  4  4  2  R
0.422725516  4  4  3  R
0.422727119  4  4  0  R
0.459213195  4  4  1  R
0.472342719  4  4  2  R
0.490969099  4  4  3  R
0.490971985  4  4  0  R
0.531280982  4  4  1  R
0.544661490  4  4  2  R
0.559062179  4  4  3  R
0.559062990  4  4  0  R
0.581444014  4  4  1  R
0.610307800  4  4  2  R
0.631090843  4  4  3  R
0.631093037  4  4  0  R
0.681455614  4  4  1  R
0.690903262  4  4  2  R
0.713166263  4  4  3  R
0.713167055  4  4  0  R
0.749441592  4  4  1  R
0.757692055  4  4  2  R
0.806184950  4  4  3  R
0.806185641  4  4  0  R
0.855380889  4  4  1  R
0.886118646  4  4  2  R
0.910153905  4  4  3  R
0.910160337  4  4  0  R
0.948295910  4  4  1  R
0.958764382  4  4  2  R
0.980735563  4  4  3  R
0.980749329  4  4  0  R
0.996306076  4  4  1  R
1.049481472  4  4  2  R
1.075392045  4  4  3  R
1.075395852  4  4  0  R
1.103275805  4  4  1  R
1.133801301  4  4  2  R
1.151487620  4  4  3  R
1.151488432  4  4  0  R
0.000116479  5  5  0  R
0.035799582  5  5  1  R
0.123143879  5  5  2  R
0.147939000  5  5  3  R
0.147941004  5  5  0  R
0.161352389  5  5  1  R
0.214550078  5  5  2  R
0.248070166  5  5  3  R
0.248071138  5  5  0  R
0.279208116  5  5  1  R
0.312803546  5  5  2  R
0.353743141  5  5  3  R
0.353743582  5  5  0  R
0.367494858  5  5  1  R
0.387940445  5  5  2  R
0.434330699  5  5  3  R
0.434334927  5  5  0  R
0.473562447  5  5  1  R
0.544658574  5  5  2  R
0.585567873  5  5  3  R
0.585568834  5  5  0  R
0.612438093  5  5  1  R
0.690892742  5  5  2  R
0.712108701  5  5  3  R
0.712110214  5  5  0  R
0.723492687  5  5  1  R
0.757688969  5  5  2  R
0.803075402  5  5  3  R
0.803076143  5  5  0  R
0.852270299  5  5  1  R
0.886117483  5  5  2  R
0.914348257  5  5  3  R
0.914348918  5  5  0  R
0.936140391  5  5  1  R
0.958763851  5  5  2  R
0.990060440  5  5  3  R
0.990061121  5  5  0  R
1.015009090  5  5  1  R
1.049484909  5  5  2  R
1.081494782  5  5  3  R
1.081496896  5  5  0  R
1.097024067  5  5  1  R
1.133799358  5  5  2  R
1.171718944  5  5  3  R
1.171720477  5  5  0  R
0.000132850  8  8  0  R
0.046977400  8  8  1  R
0.123146033  8  8  2  R
0.150091064  8  8  3  R
0.150091655  8  8  0  R
0.172755031  8  8  1  R
0.214554276  8  8  2  R
0.256341358  8  8  3  R
0.256342059  8  8  0  R
0.299524299  8  8  1  R
0.312804959  8  8  2  R
0.332037671  8  8  3  R
0.332038332  8  8  0  R
0.357116376  8  8  1  R
0.387938391  8  8  2  R
0.401248416  8  8  3  R
0.401248967  8  8  0  R
0.414573679  8  8  1  R
0.472334865  8  8  2  R
0.520054954  8  8  3  R
0.520055755  8  8  0  R
0.534389959  8  8  1  R
0.544662081  8  8  2  R
0.557989067  8  8  3  R
0.557991011  8  8  0  R
0.597956672  8  8  1  R
0.610308211  8  8  2  R
0.648684537  8  8  3  R
0.648684898  8  8  0  R
0.668014382  8  8  1  R
0.690900287  8  8  2  R
0.730772211  8  8  3  R
0.730773082  8  8  0  R
0.769164467  8  8  1  R
0.831798332  8  8  2  R
0.856436818  8  8  3  R
0.856437249  8  8  0  R
0.893759450  8  8  1  R
0.958762168  8  8  2  R
0.993196027  8  8  3  R
0.993196758  8  8  0  R
1.023176367  8  8  1  R
1.049486923  8  8  2  R
1.097027353  8  8  3  R
1.097028325  8  8  0  R
1.136999767  8  8  1  R
1.189249559  8  8  2  R
1.233815747  8  8  3  R
1.233816508  8  8  0  R
1.247238784  8  8  1  R
1.281898289  8  8  2  R
1.297097002  8  8  3  R
1.297100679  8  8  0  R
1.313398542  8  8  1  R
1.377141556  8  8  2  R
1.388326317  8  8  3  R
1.388329884  8  8  0  R
0.000116830  1  1  0  R
0.046984854  1  1  1  R
0.123147055  1  1  2  R
0.165484283  1  1  3  R
0.165484854  1  1  0  R
0.206389344  1  1  1  R
0.214557361  1  1  2  R
0.234835844  1  1  3  R
0.234836685  1  1  0  R
0.277086930  1  1  1  R
0.312803085  1  1  2  R
0.333092608  1  1  3  R
0.333093039  1  1  0  R
0.346555190  1  1  1  R
0.387937750  1  1  2  R
0.400165947  1  1  3  R
0.400168121  1  1  0  R
0.411388719  1  1  1  R
0.472333211  1  1  2  R
0.501312475  1  1  3  R
0.501314759  1  1  0  R
0.516845558  1  1  1  R
0.544660347  1  1  2  R
0.594827196  1  1  3  R
0.594827447  1  1  0  R
0.628000140  1  1  1  R
0.690894235  1  1  2  R
0.733910463  1  1  3  R
0.733910733  1  1  0  R
0.750496669  1  1  1  R
0.757692566  1  1  2  R
0.789680617  1  1  3  R
0.789682150  1  1  0  R
0.837053142  1  1  1  R
0.886116542  1  1  2  R
0.925861767  1  1  3  R
0.925862689  1  1  0  R
0.956663484  1  1  1  R
0.958765945  1  1  2  R
0.990058737  1  1  3  R
0.990059729  1  1  0  R
1.005743776  1  1  1  R
1.049482925  1  1  2  R
1.067902676  1  1  3  R
1.067904249  1  1  0  R
1.098141843  1  1  1  R
1.133800359  1  1  2  R
1.176945640  1  1  3  R
1.176945981  1  1  0  R
1.218667940  1  1  1  R
1.281895584  1  1  2  R
1.329111263  1  1  3  R
1.329111583  1  1  0  R
1.355506589  1  1  1  R
1.377145394  1  1  2  R
1.403684891  1  1  3  R
1.403686514  1  1  0  R
0.000108935  7  7  0  R
0.020369474  7  7  1  R
0.034670235  7  7  2  R
0.074432122  7  7  3  R
0.074433003  7  7  0  R
0.104936689  7  7  1  R
0.123165339  7  7  2  R
0.152234963  7  7  3  R
0.152236586  7  7  0  R
0.174890874  7  7  1  R
0.214555428  7  7  2  R
0.233757542  7  7  3  R
0.233759205  7  7  0  R
0.270866572  7  7  1  R
0.312802073  7  7  2  R
0.323916722  7  7  3  R
0.323917573  7  7  0  R
0.373683377  7  7  1  R
0.387951316  7  7  2  R
0.412463885  7  7  3  R
0.412465387  7  7  0  R
0.440697483  7  7  1  R
0.472337500  7  7  2  R
0.515734074  7  7  3  R
0.515737420  7  7  0  R
0.547735230  7  7  1  R
0.610305646  7  7  2  R
0.632165918  7  7  3  R
0.632167561  7  7  0  R
0.659523186  7  7  1  R
0.690898143  7  7  2  R
0.704423633  7  7  3  R
0.704427631  7  7  0  R
0.715294002  7  7  1  R
0.757688338  7  7  2  R
0.799934825  7  7  3  R
0.799936919  7  7  0  R
0.820391974  7  7  1  R
0.831798883  7  7  2  R
0.842162638  7  7  3  R
0.842163179  7  7  0  R
0.856452348  7  7  1  R
0.886119918  7  7  2  R
0.917577701  7  7  3  R
0.917578502  7  7  0  R
0.963074421  7  7  1  R
1.049479158  7  7  2  R
1.067905802  7  7  3  R
1.067906473  7  7  0  R
1.088720524  7  7  1  R
1.133795821  7  7  2  R
1.151497850  7  7  3  R
1.151500474  7  7  0  R
1.170634431  7  7  1  R
1.189250972  7  7  2  R
1.237003072  7  7  3  R
1.237003342  7  7  0  R
1.250348483  7  7  1  R
1.281899481  7  7  2  R
1.310260410  7  7  3  R
1.310264508  7  7  0  R
1.331221318  7  7  1  R
1.377142708  7  7  2  R
1.408838019  7  7  3  R
1.408839542  7  7  0  R
0.000160392  2  2  0  R
0.035794853  2  2  1  R
0.123142296  2  2  2  R
0.149021139  2  2  3  R
0.149021860  2  2  0  R
0.182226464  2  2  1  R
0.214556740  2  2  2  R
0.261596939  2  2  3  R
0.261597550  2  2  0  R
0.286397700  2  2  1  R
0.312804538  2  2  2  R
0.352664319  2  2  3  R
0.352664930  2  2  0  R
0.389008187  2  2  1  R
0.472331468  2  2  2  R
0.517923689  2  2  3  R
0.517925001  2  2  0  R
0.552871587  2  2  1  R
0.610306658  2  2  2  R
0.621865824  2  2  3  R
0.621866535  2  2  0  R
0.668007189  2  2  1  R
0.690899265  2  2  2  R
0.702230792  2  2  3  R
0.702235200  2  2  0  R
0.724552964  2  2  1  R
0.757689560  2  2  2  R
0.779461155  2  2  3  R
0.779462688  2  2  0  R
0.824503149  2  2  1  R
0.831799334  2  2  2  R
0.871755166  2  2  3  R
0.871755537  2  2  0  R
0.905966948  2  2  1  R
0.958763190  2  2  2  R
1.000660068  2  2  3  R
1.000660660  2  2  0  R
1.041321730  2  2  1  R
1.049487594  2  2  2  R
1.098126163  2  2  3  R
1.098126474  2  2  0  R
1.132700217  2  2  1  R
1.133802734  2  2  2  R
1.148375658  2  2  3  R
1.148376509  2  2  0  R
1.175862520  2  2  1  R
1.189251413  2  2  2  R
1.232745371  2  2  3  R
1.232746773  2  2  0  R
1.277541632  2  2  1  R
1.281900984  2  2  2  R
1.322860898  2  2  3  R
1.322862491  2  2  0  R
1.343369644  2  2  1  R
1.377143941  2  2  2  R
1.408853418  2  2  3  R
1.408855061  2  2  0  R
1.459413086  2  2  1  R
1.461542017  2  2  2  R
1.492194282  2  2  3  R
1.492195775  2  2  0  R
1.526284164  2  2  1  R
1.582097790  2  2  2  R
1.617395938  2  2  3  R
1.617396499  2  2  0  R
1.652045534  2  2  1  R
1.717503579  2  2  2  R
1.758234051  2  2  3  R
1.758238138  2  2  0  R
1.797985588  2  2  1  R
1.803100213  2  2  2  R
1.835264698  2  2  3  R
1.835268785  2  2  0  R
0.000087906  9  9  0  R
0.036863076  9  9  1  R
0.123145051  9  9  2  R
0.134593178  9  9  3  R
0.134596033  9  9  0  R
0.170613977  9  9  1  R
0.214551931  9  9  2  R
0.258472903  9  9  3  R
0.258473474  9  9  0  R
0.285329949  9  9  1  R
0.312804037  9  9  2  R
0.354798169  9  9  3  R
0.354798550  9  9  0  R
0.366427127  9  9  1  R
0.387939554  9  9  2  R
0.434336720  9  9  3  R
0.434337702  9  9  0  R
0.445831816  9  9  1  R
0.472338802  9  9  2  R
0.522167904  9  9  3  R
0.522168265  9  9  0  R
0.567176926  9  9  1  R
0.610307239  9  9  2  R
0.621863670  9  9  3  R
0.621865313  9  9  0  R
0.671168895  9  9  1  R
0.690901489  9  9  2  R
0.706573583  9  9  3  R
0.706574335  9  9  0  R
0.745307233  9  9  1  R
0.757691474  9  9  2  R
0.807264864  9  9  3  R
0.807265205  9  9  0  R
0.831800607  9  9  1  R
0.886113957  9  9  2  R
0.914345071  9  9  3  R
0.914347285  9  9  0  R
0.965201539  9  9  1  R
1.049480340  9  9  2  R
1.090796746  9  9  3  R
1.090798960  9  9  0  R
1.139120472  9  9  1  R
1.189250331  9  9  2  R
1.213523278  9  9  3  R
1.213529039  9  9  0  R
1.244114539  9  9  1  R
1.281897177  9  9  2  R
1.326977092  9  9  3  R
1.326977954  9  9  0  R
1.363883991  9  9  1  R
1.377147357  9  9  2  R
1.426073599  9  9  3  R
1.426074931  9  9  0  R
1.476761669  9  9  1  R
1.520052714  9  9  2  R
1.531660883  9  9  3  R
1.531665001  9  9  0  R
1.558811932  9  9  1  R
1.582098632  9  9  2  R
1.612256175  9  9  3  R
1.612257798  9  9  0  R
1.623560662  9  9  1  R
1.631832585  9  9  2  R
1.674428040  9  9  3  R
1.674432528  9  9  0  R
1.711790296  9  9  1  R
1.717504892  9  9  2  R
1.752806185  9  9  3  R
1.752809211  9  9  0  R
1.797964268  9  9  1  R
1.803099342  9  9  2  R
1.845878994  9  9  3  R
1.845880477  9  9  0  R
1.881449555  9  9  1  R
1.928142559  9  9  2  R
1.962447455  9  9  3  R
1.962447886  9  9  0  R
2.011913874  9  9  1  R
2.074474812  9  9  2  R
2.120286746  9  9  3  R
2.120288460  9  9  0  R
0.000102032  0  0  0  R
0.023552420  0  0  1  R
0.034677128  0  0  2  R
0.082584660  0  0  3  R
0.082586163  0  0  0  R
0.125313827  0  0  1  R
0.214546250  0  0  2  R
0.262666173  0  0  3  R
0.262666534  0  0  0  R
0.310735670  0  0  1  R
0.312805930  0  0  2  R
0.339393078  0  0  3  R
0.339393558  0  0  0  R
0.365347393  0  0  1  R
0.387938952  0  0  2  R
0.423821170  0  0  3  R
0.423822643  0  0  0  R
0.450943416  0  0  1  R
0.472340165  0  0  2  R
0.503448148  0  0  3  R
0.503449651  0  0  0  R
0.514635815  0  0  1  R
0.544659566  0  0  2  R
0.586639481  0  0  3  R
0.586640433  0  0  0  R
0.632159155  0  0  1  R
0.690895357  0  0  2  R
0.710709174  0  0  3  R
0.710711258  0  0  0  R
0.728686932  0  0  1  R
0.757690241  0  0  2  R
0.791811382  0  0  3  R
0.791813075  0  0  0  R
0.828612811  0  0  1  R
0.831799905  0  0  2  R
0.857491345  0  0  3  R
0.857491756  0  0  0  R
0.891538055  0  0  1  R
0.958761126  0  0  2  R
0.984944753  0  0  3  R
0.984945474  0  0  0  R
1.011854077  0  0  1  R
1.049483967  0  0  2  R
1.071264710  0  0  3  R
1.071269098  0  0  0  R
1.095955364  0  0  1  R
1.133797384  0  0  2  R
1.144233174  0  0  3  R
1.144233965  0  0  0  R
1.181093464  0  0  1  R
1.189251954  0  0  2  R
1.234880663  0  0  3  R
1.234881294  0  0  0  R
1.279745423  0  0  1  R
1.281901605  0  0  2  R
1.318546059  0  0  3  R
1.318547672  0  0  0  R
1.359661416  0  0  1  R
1.377146425  0  0  2  R
1.402616939  0  0  3  R
1.402618442  0  0  0  R
1.445261276  0  0  1  R
1.461541296  0  0  2  R
1.482988450  0  0  3  R
1.482993349  0  0  0  R
1.512837903  0  0  1  R
1.520054418  0  0  2  R
1.568031591  0  0  3  R
1.568032152  0  0  0  R
1.612240606  0  0  1  R
1.631831323  0  0  2  R
1.677598893  0  0  3  R
1.677599605  0  0  0  R
1.716388649  0  0  1  R
1.717506284  0  0  2  R
1.765698232  0  0  3  R
1.765699815  0  0  0  R
1.792834534  0  0  1  R
1.803098600  0  0  2  R
1.839564268  0  0  3  R
1.839569237  0  0  0  R
1.885514182  0  0  1  R
1.928143881  0  0  2  R
1.954297632  0  0  3  R
1.954301409  0  0  0  R
1.979629184  0  0  1  R
1.995841185  0  0  2  R
2.031172155  0  0  3  R
2.031173537  0  0  0  R
2.080610711  0  0  1  R
2.158532066  0  0  2  R
2.182852263  0  0  3  R
2.182853605  0  0  0  R
0.000111280  12  12  0  W
0.036868095  12  12  1  W
0.165486468  12  12  2  W
0.214540920  12  12  3  W
0.214543886  12  12  0  W
0.232699409  12  12  1  W
0.594829310  12  12  2  W
0.610303682  12  12  3  W
0.610304714  12  12  0  W
0.642535924  12  12  1  W
0.925865985  12  12  2  W
0.958757188  12  12  3  W
0.958759603  12  12  0  W
0.983866171  12  12  1  W
1.329113647  12  12  2  W
1.377132760  12  12  3  W
1.377138671  12  12  0  W
1.394464090  12  12  1  W
1.677603262  12  12  2  W
1.717494823  12  12  3  W
1.717500794  12  12  0  W
1.747590109  12  12  1  W
1.962450912  12  12  2  W
1.995832519  12  12  3  W
1.995838721  12  12  0  W
2.034302512  12  12  1  W
2.244385654  12  12  2  W
2.288734563  12  12  3  W
2.288753899  12  12  0  W
2.321299301  12  12  1  W
2.429064208  12  12  2  W
2.450402446  12  12  3  W
2.450408708  12  12  0  W
2.484198634  12  12  1  W
2.586210593  12  12  2  W
2.608394615  12  12  3  W
2.608400827  12  12  0  W
2.636734324  12  12  1  W
2.735714491  12  12  2  W
2.752109878  12  12  3  W
2.752117252  12  12  0  W
2.782716528  12  12  1  W
2.888989063  12  12  2  W
2.937273235  12  12  3  W
2.937276301  12  12  0  W
2.973681584  12  12  1  W
3.066541381  12  12  2  W
3.088614865  12  12  3  W
3.088621548  12  12  0  W
3.122073026  12  12  1  W
3.233009558  12  12  2  W
3.273192107  12  12  3  W
3.273199501  12  12  0  W
0.000091793  11  11  0  W
0.048080889  11  11  1  W
0.262669750  11  11  2  W
0.312799609  11  11  3  W
0.312800630  11  11  0  W
0.336269233  11  11  1  W
0.648687703  11  11  2  W
0.690884347  11  11  3  W
0.690890488  11  11  0  W
0.740172249  11  11  1  W
1.000665389  11  11  2  W
1.049474539  11  11  3  W
1.049476924  11  11  0  W
1.087648374  11  11  1  W
1.426081794  11  11  2  W
1.461536978  11  11  3  W
1.461539252  11  11  0  W
1.500435348  11  11  1  W
1.765707460  11  11  2  W
1.803094964  11  11  3  W
1.803096987  11  11  0  W
1.841705351  11  11  1  W
2.031180240  11  11  2  W
2.074466236  11  11  3  W
2.074472518  11  11  0  W
2.103754792  11  11  1  W
2.288758808  11  11  2  W
2.309142008  11  11  3  W
2.309148741  11  11  0  W
2.352453482  11  11  1  W
2.450412405  11  11  2  W
2.480995691  11  11  3  W
2.481001902  11  11  0  W
2.506500479  11  11  1  W
2.608405356  11  11  2  W
2.647855014  11  11  3  W
2.647857198  11  11  0  W
2.665941487  11  11  1  W
2.752121971  11  11  2  W
2.771484408  11  11  3  W
2.771490860  11  11  0  W
2.783783949  11  11  1  W
2.937279026  11  11  2  W
2.969446736  11  11  3  W
2.969453148  11  11  0  W
3.008131313  11  11  1  W
3.088625215  11  11  2  W
3.115934352  11  11  3  W
3.115940453  11  11  0  W
3.146233472  11  11  1  W
3.273228486  11  11  2  W
3.319538058  11  11  3  W
3.319544129  11  11  0  W
3.365513621  11  11  1  W
3.439694489  11  11  2  W
3.463881063  11  11  3  W
3.463887546  11  11  0  W
3.495487566  11  11  1  W
3.540201913  11  11  2  W
3.553357537  11  11  3  W
3.553363819  11  11  0  W
0.000052329  14  14  0  W
0.048083173  14  14  1  W
0.359227764  14  14  2  W
0.387933873  14  14  3  W
0.387936508  14  14  0  W
0.435424710  14  14  1  W
0.733912567  14  14  2  W
0.757686324  14  14  3  W
0.757687546  14  14  0  W
0.772312919  14  14  1  W
1.098128267  14  14  2  W
1.133787746  14  14  3  W
1.133793517  14  14  0  W
1.181114574  14  14  1  W
1.492203360  14  14  2  W
1.520043888  14  14  3  W
1.520050110  14  14  0  W
1.563969338  14  14  1  W
1.845887770  14  14  2  W
1.862213857  14  14  3  W
1.862220449  14  14  0  W
1.881434065  14  14  1  W
2.120382597  14  14  2  W
2.158523260  14  14  3  W
2.158529060  14  14  0  W
2.171691617  14  14  1  W
2.309153570  14  14  2  W
2.352447991  14  14  3  W
2.352451007  14  14  0  W
2.389597597  14  14  1  W
2.481005769  14  14  2  W
2.504368953  14  14  3  W
2.504375405  14  14  0  W
2.534704311  14  14  1  W
2.647859914  14  14  2  W
2.676150410  14  14  3  W
2.676156872  14  14  0  W
2.712381855  14  14  1  W
2.771494427  14  14  2  W
2.803031729  14  14  3  W
2.803039193  14  14  0  W
2.837222751  14  14  1  W
2.969456765  14  14  2  W
3.010324405  14  14  3  W
3.010331238  14  14  0  W
3.034127688  14  14  1  W
3.115944441  14  14  2  W
3.161380347  14  14  3  W
3.161388192  14  14  0  W
3.173542028  14  14  1  W
3.319548247  14  14  2  W
3.335690888  14  14  3  W
3.335697280  14  14  0  W
3.349034426  14  14  1  W
3.392940149  14  14  2  W
3.439682817  14  14  3  W
3.439689830  14  14  0  W
3.478191663  14  14  1  W
3.498568941  14  14  2  W
3.540194239  14  14  3  W
3.540197054  14  14  0  W
3.563461441  14  14  1  W
3.613199001  14  14  2  W
3.627368495  14  14  3  W
3.627375067  14  14  0  W
3.675176199  14  14  1  W
3.702381030  14  14  2  W
3.748692015  14  14  3  W
3.748697886  14  14  0  W
0.000125567  13  13  0  W
0.020374193  13  13  1  W
0.083658994  13  13  2  W
0.123133680  13  13  3  W
0.123139320  13  13  0  W
0.137730959  13  13  1  W
0.522171481  13  13  2  W
0.544654697  13  13  3  W
0.544656781  13  13  0  W
0.576297007  13  13  1  W
0.871758493  13  13  2  W
0.886106022  13  13  3  W
0.886111382  13  13  0  W
0.930000183  13  13  1  W
1.237005376  13  13  2  W
1.281890915  13  13  3  W
1.281893410  13  13  0  W
1.321799538  13  13  1  W
1.617400486  13  13  2  W
1.631823237  13  13  3  W
1.631828367  13  13  0  W
1.660268695  13  13  1  W
1.880369199  13  13  2  W
1.928132891  13  13  3  W
1.928139403  13  13  0  W
1.954303202  13  13  1  W
2.222081215  13  13  2  W
2.244379643  13  13  3  W
2.244382759  13  13  0  W
2.294897673  13  13  1  W
2.394856905  13  13  2  W
2.429054750  13  13  3  W
2.429060501  13  13  0  W
2.471552350  13  13  1  W
2.540883612  13  13  2  W
2.586204963  13  13  3  W
2.586208059  13  13  0  W
2.614586350  13  13  1  W
2.718549304  13  13  2  W
2.735704012  13  13  3  W
2.735710754  13  13  0  W
2.755271875  13  13  1  W
2.803043572  13  13  2  W
2.847643363  13  13  3  W
2.847652089  13  13  0  W
2.876759985  13  13  1  W
3.010334694  13  13  2  W
3.028812033  13  13  3  W
3.028823134  13  13  0  W
3.057300543  13  13  1  W
3.161392500  13  13  2  W
3.183694915  13  13  3  W
3.183698111  13  13  0  W
3.202842807  13  13  1  W
3.335701157  13  13  2  W
3.353200013  13  13  3  W
3.353201987  13  13  0  W
3.379662606  13  13  1  W
3.463891663  13  13  2  W
3.484348842  13  13  3  W
3.484352179  13  13  0  W
3.524973955  13  13  1  W
3.553385990  13  13  2  W
3.584626825  13  13  3  W
3.584632876  13  13  0  W
3.609769080  13  13  1  W
3.627379195  13  13  2  W
3.674067470  13  13  3  W
3.674074323  13  13  0  W
3.692276905  13  13  1  W
3.748718965  13  13  2  W
3.791243086  13  13  3  W
3.791250169  13  13  0  W
3.817674229  13  13  1  W
3.824039621  13  13  2  W
3.843185640  13  13  3  W
3.843191380  13  13  0  W
3.864763670  13  13  1  W
3.869219334  13  13  2  W
3.915839461  13  13  3  W
3.915847316  13  13  0  W
3.961429698  13  13  1  W
3.961431311  13  13  2  W
4.011709319  13  13  3  W
4.011715200  13  13  0  W
0.000077085  10  10  0  W
0.019243623  10  10  1  W
0.019252239  10  10  2  W
0.034667920  10  10  3  W
0.034669203  10  10  0  W
0.067316827  10  10  1  W
0.437564461  10  10  2  W
0.472321489  10  10  3  W
0.472328412  10  10  0  W
0.501315831  10  10  1  W
0.807266938  10  10  2  W
0.831796769  10  10  3  W
0.831797701  10  10  0  W
0.872824110  10  10  1  W
1.176948636  10  10  2  W
1.189246353  10  10  3  W
1.189248407  10  10  0  W
1.204388219  10  10  1  W
1.568036510  10  10  2  W
1.582094484  10  10  3  W
1.582096438  10  10  0  W
1.630733885  10  10  1  W
1.862225238  10  10  2  W
1.880359411  10  10  3  W
1.880365813  10  10  0  W
1.902947174  10  10  1  W
2.182883702  10  10  2  W
2.222071848  10  10  3  W
2.222077659  10  10  0  W
2.238226311  10  10  1  W
2.352455185  10  10  2  W
2.394849241  10  10  3  W
2.394853348  10  10  0  W
2.430191461  10  10  1  W
2.504379383  10  10  2  W
2.540873313  10  10  3  W
2.540879755  10  10  0  W
2.586199172  10  10  1  W
2.676161060  10  10  2  W
2.718542411  10  10  3  W
2.718546058  10  10  0  W
2.755292725  10  10  1  W
2.847657259  10  10  2  W
2.888978273  10  10  3  W
2.888985326  10  10  0  W
2.930123466  10  10  1  W
3.028827533  10  10  2  W
3.066535410  10  10  3  W
3.066538446  10  10  0  W
3.108758333  10  10  1  W
3.183701187  10  10  2  W
3.232999309  10  10  3  W
3.233004899  10  10  0  W
3.282383092  10  10  1  W
3.353203981  10  10  2  W
3.392931192  10  10  3  W
3.392938476  10  10  0  W
3.413334750  10  10  1  W
3.484355134  10  10  2  W
3.498565295  10  10  3  W
3.498567379  10  10  0  W
3.539123021  10  10  1  W
3.584636693  10  10  2  W
3.613187940  10  10  3  W
3.613194713  10  10  0  W
3.650537984  10  10  1  W
3.674079032  10  10  2  W
3.702369839  10  10  3  W
3.702376882  10  10  0  W
3.714529536  10  10  1  W
3.791255038  10  10  2  W
3.824028209  10  10  3  W
3.824035463  10  10  0  W
3.849601797  10  10  1  W
3.849605905  10  10  2  W
3.869207432  10  10  3  W
3.869214996  10  10  0  W
3.902639414  10  10  1  W
3.915851604  10  10  2  W
3.947268129  10  10  3  W
3.947274070  10  10  0  W
3.986566743  10  10  1  W
4.011752771  10  10  2  W
4.041929500  10  10  3  W
4.041936513  10  10  0  W
4.059358114  10  10  1  W
4.059361991  10  10  2  W
4.103467581  10  10  3  W
4.103474744  10  10  0  W
4.127615593  10  10  1  W
4.127619049  10  10  2  W
4.175759601  10  10  3  W
4.175765051  10  10  0  W
-1 15 15 4 LOCAL_SECTION;START;READING_ROOM;STOP;EXTRA_LABEL;