Goal found!
Optimal steps: 49
Time taken: 126 ms
Initial state heuristic: 39
Nodes visited: 52796
Path:
--------------------
Step 0:
10 7 3 12 
. 5 13 1 
14 2 11 8 
6 4 9 15 
--------------------
Step 1:
. 7 3 12 
10 5 13 1 
14 2 11 8 
6 4 9 15 
--------------------
Step 2:
7 . 3 12 
10 5 13 1 
14 2 11 8 
6 4 9 15 
--------------------
Step 3:
7 5 3 12 
10 . 13 1 
14 2 11 8 
6 4 9 15 
--------------------
Step 4:
7 5 3 12 
10 2 13 1 
14 . 11 8 
6 4 9 15 
--------------------
Step 5:
7 5 3 12 
10 2 13 1 
14 4 11 8 
6 . 9 15 
--------------------
Step 6:
7 5 3 12 
10 2 13 1 
14 4 11 8 
6 9 . 15 
--------------------
Step 7:
7 5 3 12 
10 2 13 1 
14 4 . 8 
6 9 11 15 
--------------------
Step 8:
7 5 3 12 
10 2 . 1 
14 4 13 8 
6 9 11 15 
--------------------
Step 9:
7 5 3 12 
10 2 1 . 
14 4 13 8 
6 9 11 15 
--------------------
Step 10:
7 5 3 . 
10 2 1 12 
14 4 13 8 
6 9 11 15 
--------------------
Step 11:
7 5 . 3 
10 2 1 12 
14 4 13 8 
6 9 11 15 
--------------------
Step 12:
7 5 1 3 
10 2 . 12 
14 4 13 8 
6 9 11 15 
--------------------
Step 13:
7 5 1 3 
10 . 2 12 
14 4 13 8 
6 9 11 15 
--------------------
Step 14:
7 5 1 3 
10 4 2 12 
14 . 13 8 
6 9 11 15 
--------------------
Step 15:
7 5 1 3 
10 4 2 12 
. 14 13 8 
6 9 11 15 
--------------------
Step 16:
7 5 1 3 
10 4 2 12 
6 14 13 8 
. 9 11 15 
--------------------
Step 17:
7 5 1 3 
10 4 2 12 
6 14 13 8 
9 . 11 15 
--------------------
Step 18:
7 5 1 3 
10 4 2 12 
6 . 13 8 
9 14 11 15 
--------------------
Step 19:
7 5 1 3 
10 4 2 12 
. 6 13 8 
9 14 11 15 
--------------------
Step 20:
7 5 1 3 
. 4 2 12 
10 6 13 8 
9 14 11 15 
--------------------
Step 21:
. 5 1 3 
7 4 2 12 
10 6 13 8 
9 14 11 15 
--------------------
Step 22:
5 . 1 3 
7 4 2 12 
10 6 13 8 
9 14 11 15 
--------------------
Step 23:
5 1 . 3 
7 4 2 12 
10 6 13 8 
9 14 11 15 
--------------------
Step 24:
5 1 2 3 
7 4 . 12 
10 6 13 8 
9 14 11 15 
--------------------
Step 25:
5 1 2 3 
7 . 4 12 
10 6 13 8 
9 14 11 15 
--------------------
Step 26:
5 1 2 3 
7 6 4 12 
10 . 13 8 
9 14 11 15 
--------------------
Step 27:
5 1 2 3 
7 6 4 12 
10 13 . 8 
9 14 11 15 
--------------------
Step 28:
5 1 2 3 
7 6 4 12 
10 13 8 . 
9 14 11 15 
--------------------
Step 29:
5 1 2 3 
7 6 4 . 
10 13 8 12 
9 14 11 15 
--------------------
Step 30:
5 1 2 3 
7 6 . 4 
10 13 8 12 
9 14 11 15 
--------------------
Step 31:
5 1 2 3 
7 6 8 4 
10 13 . 12 
9 14 11 15 
--------------------
Step 32:
5 1 2 3 
7 6 8 4 
10 13 11 12 
9 14 . 15 
--------------------
Step 33:
5 1 2 3 
7 6 8 4 
10 13 11 12 
9 . 14 15 
--------------------
Step 34:
5 1 2 3 
7 6 8 4 
10 . 11 12 
9 13 14 15 
--------------------
Step 35:
5 1 2 3 
7 . 8 4 
10 6 11 12 
9 13 14 15 
--------------------
Step 36:
5 1 2 3 
. 7 8 4 
10 6 11 12 
9 13 14 15 
--------------------
Step 37:
. 1 2 3 
5 7 8 4 
10 6 11 12 
9 13 14 15 
--------------------
Step 38:
1 . 2 3 
5 7 8 4 
10 6 11 12 
9 13 14 15 
--------------------
Step 39:
1 2 . 3 
5 7 8 4 
10 6 11 12 
9 13 14 15 
--------------------
Step 40:
1 2 3 . 
5 7 8 4 
10 6 11 12 
9 13 14 15 
--------------------
Step 41:
1 2 3 4 
5 7 8 . 
10 6 11 12 
9 13 14 15 
--------------------
Step 42:
1 2 3 4 
5 7 . 8 
10 6 11 12 
9 13 14 15 
--------------------
Step 43:
1 2 3 4 
5 . 7 8 
10 6 11 12 
9 13 14 15 
--------------------
Step 44:
1 2 3 4 
5 6 7 8 
10 . 11 12 
9 13 14 15 
--------------------
Step 45:
1 2 3 4 
5 6 7 8 
. 10 11 12 
9 13 14 15 
--------------------
Step 46:
1 2 3 4 
5 6 7 8 
9 10 11 12 
. 13 14 15 
--------------------
Step 47:
1 2 3 4 
5 6 7 8 
9 10 11 12 
13 . 14 15 
--------------------
Step 48:
1 2 3 4 
5 6 7 8 
9 10 11 12 
13 14 . 15 
--------------------
Step 49:
1 2 3 4 
5 6 7 8 
9 10 11 12 
13 14 15 . 
--------------------
