Goal found!
Steps: 78
Time taken: 122669 ms
Initial state heuristic: 60
Nodes visited: 63422962
Path:
Step 0:
. 15 14 13 
12 11 10 9 
8 7 6 5 
4 3 2 1 
--------------------
Step 1:
15 . 14 13 
12 11 10 9 
8 7 6 5 
4 3 2 1 
--------------------
Step 2:
15 14 . 13 
12 11 10 9 
8 7 6 5 
4 3 2 1 
--------------------
Step 3:
15 14 10 13 
12 11 . 9 
8 7 6 5 
4 3 2 1 
--------------------
Step 4:
15 14 10 13 
12 . 11 9 
8 7 6 5 
4 3 2 1 
--------------------
Step 5:
15 14 10 13 
12 7 11 9 
8 . 6 5 
4 3 2 1 
--------------------
Step 6:
15 14 10 13 
12 7 11 9 
8 6 . 5 
4 3 2 1 
--------------------
Step 7:
15 14 10 13 
12 7 11 9 
8 6 2 5 
4 3 . 1 
--------------------
Step 8:
15 14 10 13 
12 7 11 9 
8 6 2 5 
4 . 3 1 
--------------------
Step 9:
15 14 10 13 
12 7 11 9 
8 6 2 5 
. 4 3 1 
--------------------
Step 10:
15 14 10 13 
12 7 11 9 
. 6 2 5 
8 4 3 1 
--------------------
Step 11:
15 14 10 13 
. 7 11 9 
12 6 2 5 
8 4 3 1 
--------------------
Step 12:
. 14 10 13 
15 7 11 9 
12 6 2 5 
8 4 3 1 
--------------------
Step 13:
14 . 10 13 
15 7 11 9 
12 6 2 5 
8 4 3 1 
--------------------
Step 14:
14 10 . 13 
15 7 11 9 
12 6 2 5 
8 4 3 1 
--------------------
Step 15:
14 10 13 . 
15 7 11 9 
12 6 2 5 
8 4 3 1 
--------------------
Step 16:
14 10 13 9 
15 7 11 . 
12 6 2 5 
8 4 3 1 
--------------------
Step 17:
14 10 13 9 
15 7 11 5 
12 6 2 . 
8 4 3 1 
--------------------
Step 18:
14 10 13 9 
15 7 11 5 
12 6 2 1 
8 4 3 . 
--------------------
Step 19:
14 10 13 9 
15 7 11 5 
12 6 2 1 
8 4 . 3 
--------------------
Step 20:
14 10 13 9 
15 7 11 5 
12 6 2 1 
8 . 4 3 
--------------------
Step 21:
14 10 13 9 
15 7 11 5 
12 6 2 1 
. 8 4 3 
--------------------
Step 22:
14 10 13 9 
15 7 11 5 
. 6 2 1 
12 8 4 3 
--------------------
Step 23:
14 10 13 9 
. 7 11 5 
15 6 2 1 
12 8 4 3 
--------------------
Step 24:
. 10 13 9 
14 7 11 5 
15 6 2 1 
12 8 4 3 
--------------------
Step 25:
10 . 13 9 
14 7 11 5 
15 6 2 1 
12 8 4 3 
--------------------
Step 26:
10 13 . 9 
14 7 11 5 
15 6 2 1 
12 8 4 3 
--------------------
Step 27:
10 13 9 . 
14 7 11 5 
15 6 2 1 
12 8 4 3 
--------------------
Step 28:
10 13 9 5 
14 7 11 . 
15 6 2 1 
12 8 4 3 
--------------------
Step 29:
10 13 9 5 
14 7 11 1 
15 6 2 . 
12 8 4 3 
--------------------
Step 30:
10 13 9 5 
14 7 11 1 
15 6 . 2 
12 8 4 3 
--------------------
Step 31:
10 13 9 5 
14 7 11 1 
15 6 4 2 
12 8 . 3 
--------------------
Step 32:
10 13 9 5 
14 7 11 1 
15 6 4 2 
12 . 8 3 
--------------------
Step 33:
10 13 9 5 
14 7 11 1 
15 6 4 2 
. 12 8 3 
--------------------
Step 34:
10 13 9 5 
14 7 11 1 
. 6 4 2 
15 12 8 3 
--------------------
Step 35:
10 13 9 5 
. 7 11 1 
14 6 4 2 
15 12 8 3 
--------------------
Step 36:
. 13 9 5 
10 7 11 1 
14 6 4 2 
15 12 8 3 
--------------------
Step 37:
13 . 9 5 
10 7 11 1 
14 6 4 2 
15 12 8 3 
--------------------
Step 38:
13 9 . 5 
10 7 11 1 
14 6 4 2 
15 12 8 3 
--------------------
Step 39:
13 9 5 . 
10 7 11 1 
14 6 4 2 
15 12 8 3 
--------------------
Step 40:
13 9 5 1 
10 7 11 . 
14 6 4 2 
15 12 8 3 
--------------------
Step 41:
13 9 5 1 
10 7 11 2 
14 6 4 . 
15 12 8 3 
--------------------
Step 42:
13 9 5 1 
10 7 11 2 
14 6 4 3 
15 12 8 . 
--------------------
Step 43:
13 9 5 1 
10 7 11 2 
14 6 4 3 
15 12 . 8 
--------------------
Step 44:
13 9 5 1 
10 7 11 2 
14 6 4 3 
15 . 12 8 
--------------------
Step 45:
13 9 5 1 
10 7 11 2 
14 6 4 3 
. 15 12 8 
--------------------
Step 46:
13 9 5 1 
10 7 11 2 
. 6 4 3 
14 15 12 8 
--------------------
Step 47:
13 9 5 1 
. 7 11 2 
10 6 4 3 
14 15 12 8 
--------------------
Step 48:
. 9 5 1 
13 7 11 2 
10 6 4 3 
14 15 12 8 
--------------------
Step 49:
9 . 5 1 
13 7 11 2 
10 6 4 3 
14 15 12 8 
--------------------
Step 50:
9 5 . 1 
13 7 11 2 
10 6 4 3 
14 15 12 8 
--------------------
Step 51:
9 5 1 . 
13 7 11 2 
10 6 4 3 
14 15 12 8 
--------------------
Step 52:
9 5 1 2 
13 7 11 . 
10 6 4 3 
14 15 12 8 
--------------------
Step 53:
9 5 1 2 
13 7 11 3 
10 6 4 . 
14 15 12 8 
--------------------
Step 54:
9 5 1 2 
13 7 11 3 
10 6 . 4 
14 15 12 8 
--------------------
Step 55:
9 5 1 2 
13 7 . 3 
10 6 11 4 
14 15 12 8 
--------------------
Step 56:
9 5 1 2 
13 . 7 3 
10 6 11 4 
14 15 12 8 
--------------------
Step 57:
9 5 1 2 
13 6 7 3 
10 . 11 4 
14 15 12 8 
--------------------
Step 58:
9 5 1 2 
13 6 7 3 
. 10 11 4 
14 15 12 8 
--------------------
Step 59:
9 5 1 2 
. 6 7 3 
13 10 11 4 
14 15 12 8 
--------------------
Step 60:
. 5 1 2 
9 6 7 3 
13 10 11 4 
14 15 12 8 
--------------------
Step 61:
5 . 1 2 
9 6 7 3 
13 10 11 4 
14 15 12 8 
--------------------
Step 62:
5 1 . 2 
9 6 7 3 
13 10 11 4 
14 15 12 8 
--------------------
Step 63:
5 1 2 . 
9 6 7 3 
13 10 11 4 
14 15 12 8 
--------------------
Step 64:
5 1 2 3 
9 6 7 . 
13 10 11 4 
14 15 12 8 
--------------------
Step 65:
5 1 2 3 
9 6 7 4 
13 10 11 . 
14 15 12 8 
--------------------
Step 66:
5 1 2 3 
9 6 7 4 
13 10 11 8 
14 15 12 . 
--------------------
Step 67:
5 1 2 3 
9 6 7 4 
13 10 11 8 
14 15 . 12 
--------------------
Step 68:
5 1 2 3 
9 6 7 4 
13 10 11 8 
14 . 15 12 
--------------------
Step 69:
5 1 2 3 
9 6 7 4 
13 10 11 8 
. 14 15 12 
--------------------
Step 70:
5 1 2 3 
9 6 7 4 
. 10 11 8 
13 14 15 12 
--------------------
Step 71:
5 1 2 3 
. 6 7 4 
9 10 11 8 
13 14 15 12 
--------------------
Step 72:
. 1 2 3 
5 6 7 4 
9 10 11 8 
13 14 15 12 
--------------------
Step 73:
1 . 2 3 
5 6 7 4 
9 10 11 8 
13 14 15 12 
--------------------
Step 74:
1 2 . 3 
5 6 7 4 
9 10 11 8 
13 14 15 12 
--------------------
Step 75:
1 2 3 . 
5 6 7 4 
9 10 11 8 
13 14 15 12 
--------------------
Step 76:
1 2 3 4 
5 6 7 . 
9 10 11 8 
13 14 15 12 
--------------------
Step 77:
1 2 3 4 
5 6 7 8 
9 10 11 . 
13 14 15 12 
--------------------
Step 78:
1 2 3 4 
5 6 7 8 
9 10 11 12 
13 14 15 . 
--------------------
