Goal found!
Optimal steps: 49
Time taken: 2758 ms
Initial state heuristic: 37
Nodes visited: 1199493
Path:
--------------------
Step 0:
7 5 8 12 
1 6 9 14 
10 . 2 4 
3 11 13 15 
--------------------
Step 1:
7 5 8 12 
1 6 9 14 
10 11 2 4 
3 . 13 15 
--------------------
Step 2:
7 5 8 12 
1 6 9 14 
10 11 2 4 
3 13 . 15 
--------------------
Step 3:
7 5 8 12 
1 6 9 14 
10 11 . 4 
3 13 2 15 
--------------------
Step 4:
7 5 8 12 
1 6 9 14 
10 . 11 4 
3 13 2 15 
--------------------
Step 5:
7 5 8 12 
1 6 9 14 
. 10 11 4 
3 13 2 15 
--------------------
Step 6:
7 5 8 12 
1 6 9 14 
3 10 11 4 
. 13 2 15 
--------------------
Step 7:
7 5 8 12 
1 6 9 14 
3 10 11 4 
13 . 2 15 
--------------------
Step 8:
7 5 8 12 
1 6 9 14 
3 . 11 4 
13 10 2 15 
--------------------
Step 9:
7 5 8 12 
1 . 9 14 
3 6 11 4 
13 10 2 15 
--------------------
Step 10:
7 5 8 12 
. 1 9 14 
3 6 11 4 
13 10 2 15 
--------------------
Step 11:
. 5 8 12 
7 1 9 14 
3 6 11 4 
13 10 2 15 
--------------------
Step 12:
5 . 8 12 
7 1 9 14 
3 6 11 4 
13 10 2 15 
--------------------
Step 13:
5 1 8 12 
7 . 9 14 
3 6 11 4 
13 10 2 15 
--------------------
Step 14:
5 1 8 12 
7 9 . 14 
3 6 11 4 
13 10 2 15 
--------------------
Step 15:
5 1 8 12 
7 9 14 . 
3 6 11 4 
13 10 2 15 
--------------------
Step 16:
5 1 8 12 
7 9 14 4 
3 6 11 . 
13 10 2 15 
--------------------
Step 17:
5 1 8 12 
7 9 14 4 
3 6 . 11 
13 10 2 15 
--------------------
Step 18:
5 1 8 12 
7 9 14 4 
3 6 2 11 
13 10 . 15 
--------------------
Step 19:
5 1 8 12 
7 9 14 4 
3 6 2 11 
13 . 10 15 
--------------------
Step 20:
5 1 8 12 
7 9 14 4 
3 . 2 11 
13 6 10 15 
--------------------
Step 21:
5 1 8 12 
7 . 14 4 
3 9 2 11 
13 6 10 15 
--------------------
Step 22:
5 1 8 12 
. 7 14 4 
3 9 2 11 
13 6 10 15 
--------------------
Step 23:
5 1 8 12 
3 7 14 4 
. 9 2 11 
13 6 10 15 
--------------------
Step 24:
5 1 8 12 
3 7 14 4 
9 . 2 11 
13 6 10 15 
--------------------
Step 25:
5 1 8 12 
3 7 14 4 
9 2 . 11 
13 6 10 15 
--------------------
Step 26:
5 1 8 12 
3 7 . 4 
9 2 14 11 
13 6 10 15 
--------------------
Step 27:
5 1 8 12 
3 7 4 . 
9 2 14 11 
13 6 10 15 
--------------------
Step 28:
5 1 8 . 
3 7 4 12 
9 2 14 11 
13 6 10 15 
--------------------
Step 29:
5 1 . 8 
3 7 4 12 
9 2 14 11 
13 6 10 15 
--------------------
Step 30:
5 1 4 8 
3 7 . 12 
9 2 14 11 
13 6 10 15 
--------------------
Step 31:
5 1 4 8 
3 . 7 12 
9 2 14 11 
13 6 10 15 
--------------------
Step 32:
5 1 4 8 
. 3 7 12 
9 2 14 11 
13 6 10 15 
--------------------
Step 33:
. 1 4 8 
5 3 7 12 
9 2 14 11 
13 6 10 15 
--------------------
Step 34:
1 . 4 8 
5 3 7 12 
9 2 14 11 
13 6 10 15 
--------------------
Step 35:
1 3 4 8 
5 . 7 12 
9 2 14 11 
13 6 10 15 
--------------------
Step 36:
1 3 4 8 
5 2 7 12 
9 . 14 11 
13 6 10 15 
--------------------
Step 37:
1 3 4 8 
5 2 7 12 
9 6 14 11 
13 . 10 15 
--------------------
Step 38:
1 3 4 8 
5 2 7 12 
9 6 14 11 
13 10 . 15 
--------------------
Step 39:
1 3 4 8 
5 2 7 12 
9 6 . 11 
13 10 14 15 
--------------------
Step 40:
1 3 4 8 
5 2 7 12 
9 6 11 . 
13 10 14 15 
--------------------
Step 41:
1 3 4 8 
5 2 7 . 
9 6 11 12 
13 10 14 15 
--------------------
Step 42:
1 3 4 . 
5 2 7 8 
9 6 11 12 
13 10 14 15 
--------------------
Step 43:
1 3 . 4 
5 2 7 8 
9 6 11 12 
13 10 14 15 
--------------------
Step 44:
1 . 3 4 
5 2 7 8 
9 6 11 12 
13 10 14 15 
--------------------
Step 45:
1 2 3 4 
5 . 7 8 
9 6 11 12 
13 10 14 15 
--------------------
Step 46:
1 2 3 4 
5 6 7 8 
9 . 11 12 
13 10 14 15 
--------------------
Step 47:
1 2 3 4 
5 6 7 8 
9 10 11 12 
13 . 14 15 
--------------------
Step 48:
1 2 3 4 
5 6 7 8 
9 10 11 12 
13 14 . 15 
--------------------
Step 49:
1 2 3 4 
5 6 7 8 
9 10 11 12 
13 14 15 . 
--------------------
