N == 1000
CSV,1000,1,6.926,6.926,18,25.565
Sorted
CSV,1000,2,6.926,6.926,18,25.623
Sorted
CSV,1000,3,6.926,6.926,18,25.633
Sorted
CSV,1000,4,6.926,6.926,18,25.562
Sorted
CSV,1000,5,6.926,6.926,18,25.593
Sorted
CSV,1000,6,6.926,6.926,18,25.632
Sorted
CSV,1000,7,6.926,6.926,18,25.554
Sorted
CSV,1000,8,6.926,6.926,18,25.49
Sorted
CSV,1000,9,6.926,6.926,18,25.566
Sorted
CSV,1000,10,6.926,6.926,18,25.534
Sorted
CSV,1000,11,6.926,6.926,18,25.531
Sorted
CSV,1000,12,6.926,6.926,18,25.599
Sorted
CSV,1000,13,6.926,6.926,18,25.593
Sorted
CSV,1000,14,6.926,6.926,18,25.554
Sorted
CSV,1000,15,6.926,6.926,18,25.542
Sorted
CSV,1000,16,6.926,6.926,18,25.579
Sorted
CSV,1000,17,6.926,6.926,18,25.59
Sorted
CSV,1000,18,6.926,6.926,18,25.495
Sorted
CSV,1000,19,6.926,6.926,18,25.673
Sorted
CSV,1000,20,6.926,6.926,18,25.589
Sorted
CSV,1000,21,6.926,6.926,18,25.522
Sorted
CSV,1000,22,6.926,6.926,18,25.522
Sorted
CSV,1000,23,6.926,6.926,18,25.664
Sorted
CSV,1000,24,6.926,6.926,18,25.565
Sorted
CSV,1000,25,6.926,6.926,18,25.548
Sorted
N == 3000
CSV,3000,1,7.607,7.607,21,30.307
Sorted
CSV,3000,2,7.607,7.607,21,30.236
Sorted
CSV,3000,3,7.607,7.607,21,30.2617
Sorted
CSV,3000,4,7.607,7.607,21,30.2857
Sorted
CSV,3000,5,7.607,7.607,21,30.2823
Sorted
CSV,3000,6,7.607,7.607,21,30.325
Sorted
CSV,3000,7,7.607,7.607,21,30.2523
Sorted
CSV,3000,8,7.607,7.607,21,30.2933
Sorted
CSV,3000,9,7.607,7.607,21,30.2337
Sorted
CSV,3000,10,7.607,7.607,21,30.3463
Sorted
CSV,3000,11,7.607,7.607,21,30.3207
Sorted
CSV,3000,12,7.607,7.607,21,30.2753
Sorted
CSV,3000,13,7.607,7.607,21,30.2803
Sorted
CSV,3000,14,7.607,7.607,21,30.2283
Sorted
CSV,3000,15,7.607,7.607,21,30.308
Sorted
CSV,3000,16,7.607,7.607,21,30.229
Sorted
CSV,3000,17,7.607,7.607,21,30.2173
Sorted
CSV,3000,18,7.607,7.607,21,30.301
Sorted
CSV,3000,19,7.607,7.607,21,30.2787
Sorted
CSV,3000,20,7.607,7.607,21,30.234
Sorted
CSV,3000,21,7.607,7.607,21,30.2373
Sorted
CSV,3000,22,7.607,7.607,21,30.2543
Sorted
CSV,3000,23,7.607,7.607,21,30.2547
Sorted
CSV,3000,24,7.607,7.607,21,30.1953
Sorted
CSV,3000,25,7.607,7.607,21,30.256
Sorted
N == 5000
CSV,5000,1,7.9598,7.9598,15,32.4538
Sorted
CSV,5000,2,7.9598,7.9598,15,32.4698
Sorted
CSV,5000,3,7.9598,7.9598,15,32.4598
Sorted
CSV,5000,4,7.9598,7.9598,15,32.443
Sorted
CSV,5000,5,7.9598,7.9598,15,32.4308
Sorted
CSV,5000,6,7.9598,7.9598,15,32.4348
Sorted
CSV,5000,7,7.9598,7.9598,15,32.4188
Sorted
CSV,5000,8,7.9598,7.9598,15,32.5094
Sorted
CSV,5000,9,7.9598,7.9598,15,32.4286
Sorted
CSV,5000,10,7.9598,7.9598,15,32.4884
Sorted
CSV,5000,11,7.9598,7.9598,15,32.428
Sorted
CSV,5000,12,7.9598,7.9598,15,32.478
Sorted
CSV,5000,13,7.9598,7.9598,15,32.4656
Sorted
CSV,5000,14,7.9598,7.9598,15,32.474
Sorted
CSV,5000,15,7.9598,7.9598,15,32.4538
Sorted
CSV,5000,16,7.9598,7.9598,15,32.4766
Sorted
CSV,5000,17,7.9598,7.9598,15,32.4554
Sorted
CSV,5000,18,7.9598,7.9598,15,32.4484
Sorted
CSV,5000,19,7.9598,7.9598,15,32.425
Sorted
CSV,5000,20,7.9598,7.9598,15,32.4416
Sorted
CSV,5000,21,7.9598,7.9598,15,32.4758
Sorted
CSV,5000,22,7.9598,7.9598,15,32.449
Sorted
CSV,5000,23,7.9598,7.9598,15,32.4706
Sorted
CSV,5000,24,7.9598,7.9598,15,32.447
Sorted
CSV,5000,25,7.9598,7.9598,15,32.4714
Sorted
N == 7000
CSV,7000,1,8.23157,8.23157,21,33.8816
Sorted
CSV,7000,2,8.23157,8.23157,21,33.8901
Sorted
CSV,7000,3,8.23157,8.23157,21,33.8834
Sorted
CSV,7000,4,8.23157,8.23157,21,33.904
Sorted
CSV,7000,5,8.23157,8.23157,21,33.9163
Sorted
CSV,7000,6,8.23157,8.23157,21,33.8933
Sorted
CSV,7000,7,8.23157,8.23157,21,33.8873
Sorted
CSV,7000,8,8.23157,8.23157,21,33.8476
Sorted
CSV,7000,9,8.23157,8.23157,21,33.8847
Sorted
CSV,7000,10,8.23157,8.23157,21,33.919
Sorted
CSV,7000,11,8.23157,8.23157,21,33.9284
Sorted
CSV,7000,12,8.23157,8.23157,21,33.8849
Sorted
CSV,7000,13,8.23157,8.23157,21,33.8941
Sorted
CSV,7000,14,8.23157,8.23157,21,33.9471
Sorted
CSV,7000,15,8.23157,8.23157,21,33.9233
Sorted
CSV,7000,16,8.23157,8.23157,21,33.895
Sorted
CSV,7000,17,8.23157,8.23157,21,33.9076
Sorted
CSV,7000,18,8.23157,8.23157,21,33.8914
Sorted
CSV,7000,19,8.23157,8.23157,21,33.9114
Sorted
CSV,7000,20,8.23157,8.23157,21,33.8491
Sorted
CSV,7000,21,8.23157,8.23157,21,33.8847
Sorted
CSV,7000,22,8.23157,8.23157,21,33.8881
Sorted
CSV,7000,23,8.23157,8.23157,21,33.9359
Sorted
CSV,7000,24,8.23157,8.23157,21,33.9049
Sorted
CSV,7000,25,8.23157,8.23157,21,33.8784
Sorted
N == 9000
CSV,9000,1,8.42389,8.42389,15,35.0009
Sorted
CSV,9000,2,8.42389,8.42389,15,35.0178
Sorted
CSV,9000,3,8.42389,8.42389,15,35.0163
Sorted
CSV,9000,4,8.42389,8.42389,15,34.9917
Sorted
CSV,9000,5,8.42389,8.42389,15,35.0199
Sorted
CSV,9000,6,8.42389,8.42389,15,35.0247
Sorted
CSV,9000,7,8.42389,8.42389,15,34.9993
Sorted
CSV,9000,8,8.42389,8.42389,15,34.9598
Sorted
CSV,9000,9,8.42389,8.42389,15,34.9449
Sorted
CSV,9000,10,8.42389,8.42389,15,34.9921
Sorted
CSV,9000,11,8.42389,8.42389,15,34.9697
Sorted
CSV,9000,12,8.42389,8.42389,15,35.0206
Sorted
CSV,9000,13,8.42389,8.42389,15,35.001
Sorted
CSV,9000,14,8.42389,8.42389,15,34.9811
Sorted
CSV,9000,15,8.42389,8.42389,15,34.95
Sorted
CSV,9000,16,8.42389,8.42389,15,34.99
Sorted
CSV,9000,17,8.42389,8.42389,15,34.9903
Sorted
CSV,9000,18,8.42389,8.42389,15,35.0134
Sorted
CSV,9000,19,8.42389,8.42389,15,35.036
Sorted
CSV,9000,20,8.42389,8.42389,15,35.0254
Sorted
CSV,9000,21,8.42389,8.42389,15,34.9697
Sorted
CSV,9000,22,8.42389,8.42389,15,34.9781
Sorted
CSV,9000,23,8.42389,8.42389,15,34.991
Sorted
CSV,9000,24,8.42389,8.42389,15,34.999
Sorted
CSV,9000,25,8.42389,8.42389,15,35.0016
Sorted
N == 11000
CSV,11000,1,8.50873,8.50873,24,35.8342
Sorted
CSV,11000,2,8.50873,8.50873,24,35.8795
Sorted
CSV,11000,3,8.50873,8.50873,24,35.8267
Sorted
CSV,11000,4,8.50873,8.50873,24,35.8264
Sorted
CSV,11000,5,8.50873,8.50873,24,35.8104
Sorted
CSV,11000,6,8.50873,8.50873,24,35.8649
Sorted
CSV,11000,7,8.50873,8.50873,24,35.8413
Sorted
CSV,11000,8,8.50873,8.50873,24,35.866
Sorted
CSV,11000,9,8.50873,8.50873,24,35.8395
Sorted
CSV,11000,10,8.50873,8.50873,24,35.8534
Sorted
CSV,11000,11,8.50873,8.50873,24,35.8185
Sorted
CSV,11000,12,8.50873,8.50873,24,35.8636
Sorted
CSV,11000,13,8.50873,8.50873,24,35.859
Sorted
CSV,11000,14,8.50873,8.50873,24,35.8459
Sorted
CSV,11000,15,8.50873,8.50873,24,35.8184
Sorted
CSV,11000,16,8.50873,8.50873,24,35.8573
Sorted
CSV,11000,17,8.50873,8.50873,24,35.8372
Sorted
CSV,11000,18,8.50873,8.50873,24,35.8351
Sorted
CSV,11000,19,8.50873,8.50873,24,35.8575
Sorted
CSV,11000,20,8.50873,8.50873,24,35.849
Sorted
CSV,11000,21,8.50873,8.50873,24,35.8356
Sorted
CSV,11000,22,8.50873,8.50873,24,35.8364
Sorted
CSV,11000,23,8.50873,8.50873,24,35.8329
Sorted
CSV,11000,24,8.50873,8.50873,24,35.8129
Sorted
CSV,11000,25,8.50873,8.50873,24,35.8722
Sorted
N == 13000
CSV,13000,1,8.65954,8.65954,18,36.565
Sorted
CSV,13000,2,8.65954,8.65954,18,36.5649
Sorted
CSV,13000,3,8.65954,8.65954,18,36.5578
Sorted
CSV,13000,4,8.65954,8.65954,18,36.5651
Sorted
CSV,13000,5,8.65954,8.65954,18,36.556
Sorted
CSV,13000,6,8.65954,8.65954,18,36.5891
Sorted
CSV,13000,7,8.65954,8.65954,18,36.5635
Sorted
CSV,13000,8,8.65954,8.65954,18,36.5482
Sorted
CSV,13000,9,8.65954,8.65954,18,36.5902
Sorted
CSV,13000,10,8.65954,8.65954,18,36.5898
Sorted
CSV,13000,11,8.65954,8.65954,18,36.5505
Sorted
CSV,13000,12,8.65954,8.65954,18,36.5801
Sorted
CSV,13000,13,8.65954,8.65954,18,36.5553
Sorted
CSV,13000,14,8.65954,8.65954,18,36.5875
Sorted
CSV,13000,15,8.65954,8.65954,18,36.5818
Sorted
CSV,13000,16,8.65954,8.65954,18,36.5349
Sorted
CSV,13000,17,8.65954,8.65954,18,36.5799
Sorted
CSV,13000,18,8.65954,8.65954,18,36.6038
Sorted
CSV,13000,19,8.65954,8.65954,18,36.5838
Sorted
CSV,13000,20,8.65954,8.65954,18,36.6201
Sorted
CSV,13000,21,8.65954,8.65954,18,36.5599
Sorted
CSV,13000,22,8.65954,8.65954,18,36.5732
Sorted
CSV,13000,23,8.65954,8.65954,18,36.5825
Sorted
CSV,13000,24,8.65954,8.65954,18,36.5735
Sorted
CSV,13000,25,8.65954,8.65954,18,36.5894
Sorted
N == 15000
CSV,15000,1,8.81633,8.81633,21,37.2092
Sorted
CSV,15000,2,8.81633,8.81633,21,37.1963
Sorted
CSV,15000,3,8.81633,8.81633,21,37.2086
Sorted
CSV,15000,4,8.81633,8.81633,21,37.2163
Sorted
CSV,15000,5,8.81633,8.81633,21,37.1853
Sorted
CSV,15000,6,8.81633,8.81633,21,37.2345
Sorted
CSV,15000,7,8.81633,8.81633,21,37.1823
Sorted
CSV,15000,8,8.81633,8.81633,21,37.2033
Sorted
CSV,15000,9,8.81633,8.81633,21,37.1962
Sorted
CSV,15000,10,8.81633,8.81633,21,37.1874
Sorted
CSV,15000,11,8.81633,8.81633,21,37.1741
Sorted
CSV,15000,12,8.81633,8.81633,21,37.2397
Sorted
CSV,15000,13,8.81633,8.81633,21,37.2213
Sorted
CSV,15000,14,8.81633,8.81633,21,37.1994
Sorted
CSV,15000,15,8.81633,8.81633,21,37.2025
Sorted
CSV,15000,16,8.81633,8.81633,21,37.2098
Sorted
CSV,15000,17,8.81633,8.81633,21,37.224
Sorted
CSV,15000,18,8.81633,8.81633,21,37.1952
Sorted
CSV,15000,19,8.81633,8.81633,21,37.1949
Sorted
CSV,15000,20,8.81633,8.81633,21,37.1819
Sorted
CSV,15000,21,8.81633,8.81633,21,37.221
Sorted
CSV,15000,22,8.81633,8.81633,21,37.2182
Sorted
CSV,15000,23,8.81633,8.81633,21,37.2069
Sorted
CSV,15000,24,8.81633,8.81633,21,37.2419
Sorted
CSV,15000,25,8.81633,8.81633,21,37.2195
Sorted
N == 17000
CSV,17000,1,8.94347,8.94347,15,37.7842
Sorted
CSV,17000,2,8.94347,8.94347,15,37.7686
Sorted
CSV,17000,3,8.94347,8.94347,15,37.7806
Sorted
CSV,17000,4,8.94347,8.94347,15,37.7652
Sorted
CSV,17000,5,8.94347,8.94347,15,37.7689
Sorted
CSV,17000,6,8.94347,8.94347,15,37.7427
Sorted
CSV,17000,7,8.94347,8.94347,15,37.7959
Sorted
CSV,17000,8,8.94347,8.94347,15,37.7928
Sorted
CSV,17000,9,8.94347,8.94347,15,37.7761
Sorted
CSV,17000,10,8.94347,8.94347,15,37.7777
Sorted
CSV,17000,11,8.94347,8.94347,15,37.7655
Sorted
CSV,17000,12,8.94347,8.94347,15,37.7772
Sorted
CSV,17000,13,8.94347,8.94347,15,37.7949
Sorted
CSV,17000,14,8.94347,8.94347,15,37.7858
Sorted
CSV,17000,15,8.94347,8.94347,15,37.7669
Sorted
CSV,17000,16,8.94347,8.94347,15,37.763
Sorted
CSV,17000,17,8.94347,8.94347,15,37.7893
Sorted
CSV,17000,18,8.94347,8.94347,15,37.7606
Sorted
CSV,17000,19,8.94347,8.94347,15,37.7913
Sorted
CSV,17000,20,8.94347,8.94347,15,37.7858
Sorted
CSV,17000,21,8.94347,8.94347,15,37.7596
Sorted
CSV,17000,22,8.94347,8.94347,15,37.7826
Sorted
CSV,17000,23,8.94347,8.94347,15,37.781
Sorted
CSV,17000,24,8.94347,8.94347,15,37.7842
Sorted
CSV,17000,25,8.94347,8.94347,15,37.7649
Sorted
N == 19000
CSV,19000,1,8.92874,8.92874,18,38.1993
Sorted
CSV,19000,2,8.92874,8.92874,18,38.1956
Sorted
CSV,19000,3,8.92874,8.92874,18,38.2167
Sorted
CSV,19000,4,8.92874,8.92874,18,38.1857
Sorted
CSV,19000,5,8.92874,8.92874,18,38.2214
Sorted
CSV,19000,6,8.92874,8.92874,18,38.2023
Sorted
CSV,19000,7,8.92874,8.92874,18,38.2082
Sorted
CSV,19000,8,8.92874,8.92874,18,38.1952
Sorted
CSV,19000,9,8.92874,8.92874,18,38.2019
Sorted
CSV,19000,10,8.92874,8.92874,18,38.2162
Sorted
CSV,19000,11,8.92874,8.92874,18,38.2069
Sorted
CSV,19000,12,8.92874,8.92874,18,38.1864
Sorted
CSV,19000,13,8.92874,8.92874,18,38.2143
Sorted
CSV,19000,14,8.92874,8.92874,18,38.2018
Sorted
CSV,19000,15,8.92874,8.92874,18,38.2093
Sorted
CSV,19000,16,8.92874,8.92874,18,38.2275
Sorted
CSV,19000,17,8.92874,8.92874,18,38.2143
Sorted
CSV,19000,18,8.92874,8.92874,18,38.2034
Sorted
CSV,19000,19,8.92874,8.92874,18,38.2125
Sorted
CSV,19000,20,8.92874,8.92874,18,38.2091
Sorted
CSV,19000,21,8.92874,8.92874,18,38.1941
Sorted
CSV,19000,22,8.92874,8.92874,18,38.2139
Sorted
CSV,19000,23,8.92874,8.92874,18,38.2127
Sorted
CSV,19000,24,8.92874,8.92874,18,38.1869
Sorted
CSV,19000,25,8.92874,8.92874,18,38.1931
Sorted
N == 21000
CSV,21000,1,8.98667,8.98667,12,38.6439
Sorted
CSV,21000,2,8.98667,8.98667,12,38.6535
Sorted
CSV,21000,3,8.98667,8.98667,12,38.659
Sorted
CSV,21000,4,8.98667,8.98667,12,38.6548
Sorted
CSV,21000,5,8.98667,8.98667,12,38.6449
Sorted
CSV,21000,6,8.98667,8.98667,12,38.6415
Sorted
CSV,21000,7,8.98667,8.98667,12,38.6449
Sorted
CSV,21000,8,8.98667,8.98667,12,38.6519
Sorted
CSV,21000,9,8.98667,8.98667,12,38.637
Sorted
CSV,21000,10,8.98667,8.98667,12,38.6496
Sorted
CSV,21000,11,8.98667,8.98667,12,38.6263
Sorted
CSV,21000,12,8.98667,8.98667,12,38.6398
Sorted
CSV,21000,13,8.98667,8.98667,12,38.6435
Sorted
CSV,21000,14,8.98667,8.98667,12,38.6732
Sorted
CSV,21000,15,8.98667,8.98667,12,38.6423
Sorted
CSV,21000,16,8.98667,8.98667,12,38.6447
Sorted
CSV,21000,17,8.98667,8.98667,12,38.6344
Sorted
CSV,21000,18,8.98667,8.98667,12,38.6306
Sorted
CSV,21000,19,8.98667,8.98667,12,38.638
Sorted
CSV,21000,20,8.98667,8.98667,12,38.6339
Sorted
CSV,21000,21,8.98667,8.98667,12,38.6311
Sorted
CSV,21000,22,8.98667,8.98667,12,38.6284
Sorted
CSV,21000,23,8.98667,8.98667,12,38.646
Sorted
CSV,21000,24,8.98667,8.98667,12,38.6627
Sorted
CSV,21000,25,8.98667,8.98667,12,38.6388
Sorted
N == 23000
CSV,23000,1,9.05096,9.05096,24,39.0203
Sorted
CSV,23000,2,9.05096,9.05096,24,39.0314
Sorted
CSV,23000,3,9.05096,9.05096,24,39.034
Sorted
CSV,23000,4,9.05096,9.05096,24,39.023
Sorted
CSV,23000,5,9.05096,9.05096,24,39.0325
Sorted
CSV,23000,6,9.05096,9.05096,24,39.0313
Sorted
CSV,23000,7,9.05096,9.05096,24,39.0333
Sorted
CSV,23000,8,9.05096,9.05096,24,39.0121
Sorted
CSV,23000,9,9.05096,9.05096,24,39.0381
Sorted
CSV,23000,10,9.05096,9.05096,24,39.047
Sorted
CSV,23000,11,9.05096,9.05096,24,39.0159
Sorted
CSV,23000,12,9.05096,9.05096,24,39.0353
Sorted
CSV,23000,13,9.05096,9.05096,24,39.0113
Sorted
CSV,23000,14,9.05096,9.05096,24,39.0183
Sorted
CSV,23000,15,9.05096,9.05096,24,39.0307
Sorted
CSV,23000,16,9.05096,9.05096,24,39.0239
Sorted
CSV,23000,17,9.05096,9.05096,24,39.03
Sorted
CSV,23000,18,9.05096,9.05096,24,39.0485
Sorted
CSV,23000,19,9.05096,9.05096,24,39.0327
Sorted
CSV,23000,20,9.05096,9.05096,24,39.0223
Sorted
CSV,23000,21,9.05096,9.05096,24,39.0157
Sorted
CSV,23000,22,9.05096,9.05096,24,39.0206
Sorted
CSV,23000,23,9.05096,9.05096,24,39.0294
Sorted
CSV,23000,24,9.05096,9.05096,24,39.0076
Sorted
CSV,23000,25,9.05096,9.05096,24,39.0319
Sorted
N == 25000
CSV,25000,1,9.15,9.15,18,39.4238
Sorted
CSV,25000,2,9.15,9.15,18,39.4473
Sorted
CSV,25000,3,9.15,9.15,18,39.4151
Sorted
CSV,25000,4,9.15,9.15,18,39.4202
Sorted
CSV,25000,5,9.15,9.15,18,39.417
Sorted
CSV,25000,6,9.15,9.15,18,39.4296
Sorted
CSV,25000,7,9.15,9.15,18,39.4126
Sorted
CSV,25000,8,9.15,9.15,18,39.4195
Sorted
CSV,25000,9,9.15,9.15,18,39.45
Sorted
CSV,25000,10,9.15,9.15,18,39.442
Sorted
CSV,25000,11,9.15,9.15,18,39.4415
Sorted
CSV,25000,12,9.15,9.15,18,39.4553
Sorted
CSV,25000,13,9.15,9.15,18,39.424
Sorted
CSV,25000,14,9.15,9.15,18,39.4501
Sorted
CSV,25000,15,9.15,9.15,18,39.4432
Sorted
CSV,25000,16,9.15,9.15,18,39.4424
Sorted
CSV,25000,17,9.15,9.15,18,39.4322
Sorted
CSV,25000,18,9.15,9.15,18,39.4323
Sorted
CSV,25000,19,9.15,9.15,18,39.4449
Sorted
CSV,25000,20,9.15,9.15,18,39.4422
Sorted
CSV,25000,21,9.15,9.15,18,39.4099
Sorted
CSV,25000,22,9.15,9.15,18,39.4425
Sorted
CSV,25000,23,9.15,9.15,18,39.4459
Sorted
CSV,25000,24,9.15,9.15,18,39.4364
Sorted
CSV,25000,25,9.15,9.15,18,39.4211
Sorted
N == 27000
CSV,27000,1,9.19096,9.19096,24,39.7074
Sorted
CSV,27000,2,9.19096,9.19096,24,39.7094
Sorted
CSV,27000,3,9.19096,9.19096,24,39.6903
Sorted
CSV,27000,4,9.19096,9.19096,24,39.726
Sorted
CSV,27000,5,9.19096,9.19096,24,39.7129
Sorted
CSV,27000,6,9.19096,9.19096,24,39.7083
Sorted
CSV,27000,7,9.19096,9.19096,24,39.6896
Sorted
CSV,27000,8,9.19096,9.19096,24,39.7221
Sorted
CSV,27000,9,9.19096,9.19096,24,39.7089
Sorted
CSV,27000,10,9.19096,9.19096,24,39.719
Sorted
CSV,27000,11,9.19096,9.19096,24,39.7523
Sorted
CSV,27000,12,9.19096,9.19096,24,39.716
Sorted
CSV,27000,13,9.19096,9.19096,24,39.7113
Sorted
CSV,27000,14,9.19096,9.19096,24,39.7093
Sorted
CSV,27000,15,9.19096,9.19096,24,39.723
Sorted
CSV,27000,16,9.19096,9.19096,24,39.6975
Sorted
CSV,27000,17,9.19096,9.19096,24,39.7103
Sorted
CSV,27000,18,9.19096,9.19096,24,39.7114
Sorted
CSV,27000,19,9.19096,9.19096,24,39.7076
Sorted
CSV,27000,20,9.19096,9.19096,24,39.7029
Sorted
CSV,27000,21,9.19096,9.19096,24,39.7078
Sorted
CSV,27000,22,9.19096,9.19096,24,39.7124
Sorted
CSV,27000,23,9.19096,9.19096,24,39.7209
Sorted
CSV,27000,24,9.19096,9.19096,24,39.6971
Sorted
CSV,27000,25,9.19096,9.19096,24,39.7131
Sorted
N == 29000
CSV,29000,1,9.28214,9.28214,18,40.0528
Sorted
CSV,29000,2,9.28214,9.28214,18,40.042
Sorted
CSV,29000,3,9.28214,9.28214,18,40.0484
Sorted
CSV,29000,4,9.28214,9.28214,18,40.0421
Sorted
CSV,29000,5,9.28214,9.28214,18,40.046
Sorted
CSV,29000,6,9.28214,9.28214,18,40.0452
Sorted
CSV,29000,7,9.28214,9.28214,18,40.0486
Sorted
CSV,29000,8,9.28214,9.28214,18,40.0454
Sorted
CSV,29000,9,9.28214,9.28214,18,40.0514
Sorted
CSV,29000,10,9.28214,9.28214,18,40.0294
Sorted
CSV,29000,11,9.28214,9.28214,18,40.0387
Sorted
CSV,29000,12,9.28214,9.28214,18,40.0561
Sorted
CSV,29000,13,9.28214,9.28214,18,40.0589
Sorted
CSV,29000,14,9.28214,9.28214,18,40.0507
Sorted
CSV,29000,15,9.28214,9.28214,18,40.0504
Sorted
CSV,29000,16,9.28214,9.28214,18,40.0414
Sorted
CSV,29000,17,9.28214,9.28214,18,40.0369
Sorted
CSV,29000,18,9.28214,9.28214,18,40.0446
Sorted
CSV,29000,19,9.28214,9.28214,18,40.0324
Sorted
CSV,29000,20,9.28214,9.28214,18,40.0313
Sorted
CSV,29000,21,9.28214,9.28214,18,40.0368
Sorted
CSV,29000,22,9.28214,9.28214,18,40.0523
Sorted
CSV,29000,23,9.28214,9.28214,18,40.0431
Sorted
CSV,29000,24,9.28214,9.28214,18,40.0539
Sorted
CSV,29000,25,9.28214,9.28214,18,40.0586
Sorted
N == 31000
CSV,31000,1,9.37152,9.37152,21,40.3509
Sorted
CSV,31000,2,9.37152,9.37152,21,40.3665
Sorted
CSV,31000,3,9.37152,9.37152,21,40.3455
Sorted
CSV,31000,4,9.37152,9.37152,21,40.3401
Sorted
CSV,31000,5,9.37152,9.37152,21,40.3598
Sorted
CSV,31000,6,9.37152,9.37152,21,40.3543
Sorted
CSV,31000,7,9.37152,9.37152,21,40.344
Sorted
CSV,31000,8,9.37152,9.37152,21,40.3477
Sorted
CSV,31000,9,9.37152,9.37152,21,40.3572
Sorted
CSV,31000,10,9.37152,9.37152,21,40.3481
Sorted
CSV,31000,11,9.37152,9.37152,21,40.3486
Sorted
CSV,31000,12,9.37152,9.37152,21,40.3487
Sorted
CSV,31000,13,9.37152,9.37152,21,40.3336
Sorted
CSV,31000,14,9.37152,9.37152,21,40.3458
Sorted
CSV,31000,15,9.37152,9.37152,21,40.3445
Sorted
CSV,31000,16,9.37152,9.37152,21,40.3437
Sorted
CSV,31000,17,9.37152,9.37152,21,40.3579
Sorted
CSV,31000,18,9.37152,9.37152,21,40.3383
Sorted
CSV,31000,19,9.37152,9.37152,21,40.3646
Sorted
CSV,31000,20,9.37152,9.37152,21,40.3392
Sorted
CSV,31000,21,9.37152,9.37152,21,40.3407
Sorted
CSV,31000,22,9.37152,9.37152,21,40.3566
Sorted
CSV,31000,23,9.37152,9.37152,21,40.3499
Sorted
CSV,31000,24,9.37152,9.37152,21,40.3626
Sorted
CSV,31000,25,9.37152,9.37152,21,40.3523
Sorted
N == 33000
CSV,33000,1,9.48094,9.48094,15,40.7039
Sorted
CSV,33000,2,9.48094,9.48094,15,40.6831
Sorted
CSV,33000,3,9.48094,9.48094,15,40.6958
Sorted
CSV,33000,4,9.48094,9.48094,15,40.6856
Sorted
CSV,33000,5,9.48094,9.48094,15,40.6978
Sorted
CSV,33000,6,9.48094,9.48094,15,40.6805
Sorted
CSV,33000,7,9.48094,9.48094,15,40.692
Sorted
CSV,33000,8,9.48094,9.48094,15,40.675
Sorted
CSV,33000,9,9.48094,9.48094,15,40.6946
Sorted
CSV,33000,10,9.48094,9.48094,15,40.6779
Sorted
CSV,33000,11,9.48094,9.48094,15,40.6942
Sorted
CSV,33000,12,9.48094,9.48094,15,40.6925
Sorted
CSV,33000,13,9.48094,9.48094,15,40.6911
Sorted
CSV,33000,14,9.48094,9.48094,15,40.6783
Sorted
CSV,33000,15,9.48094,9.48094,15,40.668
Sorted
CSV,33000,16,9.48094,9.48094,15,40.6954
Sorted
CSV,33000,17,9.48094,9.48094,15,40.6932
Sorted
CSV,33000,18,9.48094,9.48094,15,40.6962
Sorted
CSV,33000,19,9.48094,9.48094,15,40.6958
Sorted
CSV,33000,20,9.48094,9.48094,15,40.693
Sorted
CSV,33000,21,9.48094,9.48094,15,40.6898
Sorted
CSV,33000,22,9.48094,9.48094,15,40.6962
Sorted
CSV,33000,23,9.48094,9.48094,15,40.7059
Sorted
CSV,33000,24,9.48094,9.48094,15,40.6816
Sorted
CSV,33000,25,9.48094,9.48094,15,40.6854
Sorted
N == 35000
CSV,35000,1,9.43126,9.43126,18,40.8767
Sorted
CSV,35000,2,9.43126,9.43126,18,40.8644
Sorted
CSV,35000,3,9.43126,9.43126,18,40.8721
Sorted
CSV,35000,4,9.43126,9.43126,18,40.8677
Sorted
CSV,35000,5,9.43126,9.43126,18,40.8826
Sorted
CSV,35000,6,9.43126,9.43126,18,40.8674
Sorted
CSV,35000,7,9.43126,9.43126,18,40.8617
Sorted
CSV,35000,8,9.43126,9.43126,18,40.8617
Sorted
CSV,35000,9,9.43126,9.43126,18,40.8724
Sorted
CSV,35000,10,9.43126,9.43126,18,40.8649
Sorted
CSV,35000,11,9.43126,9.43126,18,40.8662
Sorted
CSV,35000,12,9.43126,9.43126,18,40.8649
Sorted
CSV,35000,13,9.43126,9.43126,18,40.8815
Sorted
CSV,35000,14,9.43126,9.43126,18,40.8757
Sorted
CSV,35000,15,9.43126,9.43126,18,40.8675
Sorted
CSV,35000,16,9.43126,9.43126,18,40.8536
Sorted
CSV,35000,17,9.43126,9.43126,18,40.8605
Sorted
CSV,35000,18,9.43126,9.43126,18,40.8707
Sorted
CSV,35000,19,9.43126,9.43126,18,40.8661
Sorted
CSV,35000,20,9.43126,9.43126,18,40.8617
Sorted
CSV,35000,21,9.43126,9.43126,18,40.8702
Sorted
CSV,35000,22,9.43126,9.43126,18,40.8667
Sorted
CSV,35000,23,9.43126,9.43126,18,40.8567
Sorted
CSV,35000,24,9.43126,9.43126,18,40.8665
Sorted
CSV,35000,25,9.43126,9.43126,18,40.858
Sorted
N == 37000
CSV,37000,1,9.43697,9.43697,12,41.112
Sorted
CSV,37000,2,9.43697,9.43697,12,41.1075
Sorted
CSV,37000,3,9.43697,9.43697,12,41.0998
Sorted
CSV,37000,4,9.43697,9.43697,12,41.1081
Sorted
CSV,37000,5,9.43697,9.43697,12,41.0943
Sorted
CSV,37000,6,9.43697,9.43697,12,41.1074
Sorted
CSV,37000,7,9.43697,9.43697,12,41.1045
Sorted
CSV,37000,8,9.43697,9.43697,12,41.1136
Sorted
CSV,37000,9,9.43697,9.43697,12,41.0945
Sorted
CSV,37000,10,9.43697,9.43697,12,41.1096
Sorted
CSV,37000,11,9.43697,9.43697,12,41.1056
Sorted
CSV,37000,12,9.43697,9.43697,12,41.0938
Sorted
CSV,37000,13,9.43697,9.43697,12,41.0965
Sorted
CSV,37000,14,9.43697,9.43697,12,41.0916
Sorted
CSV,37000,15,9.43697,9.43697,12,41.1083
Sorted
CSV,37000,16,9.43697,9.43697,12,41.1009
Sorted
CSV,37000,17,9.43697,9.43697,12,41.0967
Sorted
CSV,37000,18,9.43697,9.43697,12,41.1084
Sorted
CSV,37000,19,9.43697,9.43697,12,41.1058
Sorted
CSV,37000,20,9.43697,9.43697,12,41.1068
Sorted
CSV,37000,21,9.43697,9.43697,12,41.0851
Sorted
CSV,37000,22,9.43697,9.43697,12,41.1074
Sorted
CSV,37000,23,9.43697,9.43697,12,41.1089
Sorted
CSV,37000,24,9.43697,9.43697,12,41.0959
Sorted
CSV,37000,25,9.43697,9.43697,12,41.0994
Sorted
N == 39000
CSV,39000,1,9.44405,9.44405,18,41.3186
Sorted
CSV,39000,2,9.44405,9.44405,18,41.3153
Sorted
CSV,39000,3,9.44405,9.44405,18,41.312
Sorted
CSV,39000,4,9.44405,9.44405,18,41.3173
Sorted
CSV,39000,5,9.44405,9.44405,18,41.3011
Sorted
CSV,39000,6,9.44405,9.44405,18,41.3159
Sorted
CSV,39000,7,9.44405,9.44405,18,41.3162
Sorted
CSV,39000,8,9.44405,9.44405,18,41.3046
Sorted
CSV,39000,9,9.44405,9.44405,18,41.3197
Sorted
CSV,39000,10,9.44405,9.44405,18,41.2994
Sorted
CSV,39000,11,9.44405,9.44405,18,41.3097
Sorted
CSV,39000,12,9.44405,9.44405,18,41.3086
Sorted
CSV,39000,13,9.44405,9.44405,18,41.3061
Sorted
CSV,39000,14,9.44405,9.44405,18,41.3063
Sorted
CSV,39000,15,9.44405,9.44405,18,41.3142
Sorted
CSV,39000,16,9.44405,9.44405,18,41.315
Sorted
CSV,39000,17,9.44405,9.44405,18,41.2894
Sorted
CSV,39000,18,9.44405,9.44405,18,41.3103
Sorted
CSV,39000,19,9.44405,9.44405,18,41.3031
Sorted
CSV,39000,20,9.44405,9.44405,18,41.3112
Sorted
CSV,39000,21,9.44405,9.44405,18,41.3114
Sorted
CSV,39000,22,9.44405,9.44405,18,41.3078
Sorted
CSV,39000,23,9.44405,9.44405,18,41.2987
Sorted
CSV,39000,24,9.44405,9.44405,18,41.3052
Sorted
CSV,39000,25,9.44405,9.44405,18,41.3118
Sorted
N == 41000
CSV,41000,1,9.49698,9.49698,12,41.5725
Sorted
CSV,41000,2,9.49698,9.49698,12,41.5561
Sorted
CSV,41000,3,9.49698,9.49698,12,41.5512
Sorted
CSV,41000,4,9.49698,9.49698,12,41.5588
Sorted
CSV,41000,5,9.49698,9.49698,12,41.5631
Sorted
CSV,41000,6,9.49698,9.49698,12,41.5559
Sorted
CSV,41000,7,9.49698,9.49698,12,41.5694
Sorted
CSV,41000,8,9.49698,9.49698,12,41.5601
Sorted
CSV,41000,9,9.49698,9.49698,12,41.5575
Sorted
CSV,41000,10,9.49698,9.49698,12,41.5644
Sorted
CSV,41000,11,9.49698,9.49698,12,41.5546
Sorted
CSV,41000,12,9.49698,9.49698,12,41.5621
Sorted
CSV,41000,13,9.49698,9.49698,12,41.5568
Sorted
CSV,41000,14,9.49698,9.49698,12,41.5557
Sorted
CSV,41000,15,9.49698,9.49698,12,41.562
Sorted
CSV,41000,16,9.49698,9.49698,12,41.566
Sorted
CSV,41000,17,9.49698,9.49698,12,41.5675
Sorted
CSV,41000,18,9.49698,9.49698,12,41.5597
Sorted
CSV,41000,19,9.49698,9.49698,12,41.5636
Sorted
CSV,41000,20,9.49698,9.49698,12,41.5595
Sorted
CSV,41000,21,9.49698,9.49698,12,41.5707
Sorted
CSV,41000,22,9.49698,9.49698,12,41.5675
Sorted
CSV,41000,23,9.49698,9.49698,12,41.5656
Sorted
CSV,41000,24,9.49698,9.49698,12,41.5643
Sorted
CSV,41000,25,9.49698,9.49698,12,41.5649
Sorted
N == 43000
CSV,43000,1,9.49902,9.49902,30,41.715
Sorted
CSV,43000,2,9.49902,9.49902,30,41.7128
Sorted
CSV,43000,3,9.49902,9.49902,30,41.7167
Sorted
CSV,43000,4,9.49902,9.49902,30,41.723
Sorted
CSV,43000,5,9.49902,9.49902,30,41.7168
Sorted
CSV,43000,6,9.49902,9.49902,30,41.719
Sorted
CSV,43000,7,9.49902,9.49902,30,41.7198
Sorted
CSV,43000,8,9.49902,9.49902,30,41.7227
Sorted
CSV,43000,9,9.49902,9.49902,30,41.7084
Sorted
CSV,43000,10,9.49902,9.49902,30,41.74
Sorted
CSV,43000,11,9.49902,9.49902,30,41.7238
Sorted
CSV,43000,12,9.49902,9.49902,30,41.7304
Sorted
CSV,43000,13,9.49902,9.49902,30,41.7202
Sorted
CSV,43000,14,9.49902,9.49902,30,41.7175
Sorted
CSV,43000,15,9.49902,9.49902,30,41.7298
Sorted
CSV,43000,16,9.49902,9.49902,30,41.7243
Sorted
CSV,43000,17,9.49902,9.49902,30,41.7267
Sorted
CSV,43000,18,9.49902,9.49902,30,41.7164
Sorted
CSV,43000,19,9.49902,9.49902,30,41.7175
Sorted
CSV,43000,20,9.49902,9.49902,30,41.7112
Sorted
CSV,43000,21,9.49902,9.49902,30,41.7262
Sorted
CSV,43000,22,9.49902,9.49902,30,41.7139
Sorted
CSV,43000,23,9.49902,9.49902,30,41.7233
Sorted
CSV,43000,24,9.49902,9.49902,30,41.719
Sorted
CSV,43000,25,9.49902,9.49902,30,41.7238
Sorted
N == 45000
CSV,45000,1,9.54069,9.54069,27,41.9382
Sorted
CSV,45000,2,9.54069,9.54069,27,41.933
Sorted
CSV,45000,3,9.54069,9.54069,27,41.9165
Sorted
CSV,45000,4,9.54069,9.54069,27,41.938
Sorted
CSV,45000,5,9.54069,9.54069,27,41.9221
Sorted
CSV,45000,6,9.54069,9.54069,27,41.941
Sorted
CSV,45000,7,9.54069,9.54069,27,41.9317
Sorted
CSV,45000,8,9.54069,9.54069,27,41.9231
Sorted
CSV,45000,9,9.54069,9.54069,27,41.9218
Sorted
CSV,45000,10,9.54069,9.54069,27,41.9256
Sorted
CSV,45000,11,9.54069,9.54069,27,41.9216
Sorted
CSV,45000,12,9.54069,9.54069,27,41.9263
Sorted
CSV,45000,13,9.54069,9.54069,27,41.9333
Sorted
CSV,45000,14,9.54069,9.54069,27,41.9329
Sorted
CSV,45000,15,9.54069,9.54069,27,41.948
Sorted
CSV,45000,16,9.54069,9.54069,27,41.9282
Sorted
CSV,45000,17,9.54069,9.54069,27,41.9484
Sorted
CSV,45000,18,9.54069,9.54069,27,41.943
Sorted
CSV,45000,19,9.54069,9.54069,27,41.9412
Sorted
CSV,45000,20,9.54069,9.54069,27,41.9313
Sorted
CSV,45000,21,9.54069,9.54069,27,41.9316
Sorted
CSV,45000,22,9.54069,9.54069,27,41.9331
Sorted
CSV,45000,23,9.54069,9.54069,27,41.9205
Sorted
CSV,45000,24,9.54069,9.54069,27,41.9342
Sorted
CSV,45000,25,9.54069,9.54069,27,41.9358
Sorted
N == 47000
CSV,47000,1,9.57964,9.57964,27,42.1088
Sorted
CSV,47000,2,9.57964,9.57964,27,42.1128
Sorted
CSV,47000,3,9.57964,9.57964,27,42.1296
Sorted
CSV,47000,4,9.57964,9.57964,27,42.1221
Sorted
CSV,47000,5,9.57964,9.57964,27,42.1162
Sorted
CSV,47000,6,9.57964,9.57964,27,42.1098
Sorted
CSV,47000,7,9.57964,9.57964,27,42.1321
Sorted
CSV,47000,8,9.57964,9.57964,27,42.1187
Sorted
CSV,47000,9,9.57964,9.57964,27,42.1242
Sorted
CSV,47000,10,9.57964,9.57964,27,42.1137
Sorted
CSV,47000,11,9.57964,9.57964,27,42.117
Sorted
CSV,47000,12,9.57964,9.57964,27,42.1164
Sorted
CSV,47000,13,9.57964,9.57964,27,42.1023
Sorted
CSV,47000,14,9.57964,9.57964,27,42.1277
Sorted
CSV,47000,15,9.57964,9.57964,27,42.1204
Sorted
CSV,47000,16,9.57964,9.57964,27,42.1169
Sorted
CSV,47000,17,9.57964,9.57964,27,42.1177
Sorted
CSV,47000,18,9.57964,9.57964,27,42.1243
Sorted
CSV,47000,19,9.57964,9.57964,27,42.1102
Sorted
CSV,47000,20,9.57964,9.57964,27,42.1236
Sorted
CSV,47000,21,9.57964,9.57964,27,42.1005
Sorted
CSV,47000,22,9.57964,9.57964,27,42.1261
Sorted
CSV,47000,23,9.57964,9.57964,27,42.1178
Sorted
CSV,47000,24,9.57964,9.57964,27,42.1208
Sorted
CSV,47000,25,9.57964,9.57964,27,42.1299
Sorted
N == 49000
CSV,49000,1,9.65441,9.65441,30,42.3531
Sorted
CSV,49000,2,9.65441,9.65441,30,42.3657
Sorted
CSV,49000,3,9.65441,9.65441,30,42.3558
Sorted
CSV,49000,4,9.65441,9.65441,30,42.362
Sorted
CSV,49000,5,9.65441,9.65441,30,42.36
Sorted
CSV,49000,6,9.65441,9.65441,30,42.3566
Sorted
CSV,49000,7,9.65441,9.65441,30,42.3574
Sorted
CSV,49000,8,9.65441,9.65441,30,42.3774
Sorted
CSV,49000,9,9.65441,9.65441,30,42.346
Sorted
CSV,49000,10,9.65441,9.65441,30,42.3514
Sorted
CSV,49000,11,9.65441,9.65441,30,42.3515
Sorted
CSV,49000,12,9.65441,9.65441,30,42.3495
Sorted
CSV,49000,13,9.65441,9.65441,30,42.3528
Sorted
CSV,49000,14,9.65441,9.65441,30,42.3527
Sorted
CSV,49000,15,9.65441,9.65441,30,42.3697
Sorted
CSV,49000,16,9.65441,9.65441,30,42.3541
Sorted
CSV,49000,17,9.65441,9.65441,30,42.3416
Sorted
CSV,49000,18,9.65441,9.65441,30,42.3465
Sorted
CSV,49000,19,9.65441,9.65441,30,42.3521
Sorted
CSV,49000,20,9.65441,9.65441,30,42.354
Sorted
CSV,49000,21,9.65441,9.65441,30,42.3526
Sorted
CSV,49000,22,9.65441,9.65441,30,42.3538
Sorted
CSV,49000,23,9.65441,9.65441,30,42.3588
Sorted
CSV,49000,24,9.65441,9.65441,30,42.3564
Sorted
CSV,49000,25,9.65441,9.65441,30,42.3478
Sorted
